
35 8.11 31
35 29.40 62
35 32.83 93
35 33.20 124
35 33.57 155
35 33.76 186
35 33.95 217
35 34.14 248
35 34.14 279
35 34.14 310
35 34.53 342
35 34.14 373
35 34.14 404
35 34.33 435
35 34.53 466
35 34.53 497
35 34.33 528
35 34.33 559
35 34.72 590
35 34.72 621
35 34.72 652
35 34.72 683
35 34.33 714
35 34.33 745
35 34.72 776
35 34.72 807
35 34.53 838
35 34.33 869
35 34.33 900
35 34.92 931
35 34.92 962
35 34.72 993
35 34.72 1024
35 34.72 1055
35 34.92 1086
35 34.92 1117
35 34.33 1148
35 34.33 1179
35 34.33 1210
35 34.53 1241
35 34.72 1272
35 34.72 1303
35 34.53 1334
35 34.92 1366
35 34.33 1397
35 34.33 1428
35 34.53 1459
35 34.72 1490
35 34.72 1521
35 34.72 1552
35 34.53 1583
35 34.92 1614
35 34.92 1645
35 34.92 1676
35 34.92 1707
35 34.53 1738
35 34.72 1769
35 34.72 1800
35 34.72 1831
35 34.53 1862
35 34.53 1893
35 34.53 1924
35 34.92 1955
35 34.92 1986
35 34.92 2017
35 34.92 2048
35 34.72 2079
35 34.92 2110
35 35.11 2141
35 34.53 2172
35 34.53 2203
35 34.53 2234
35 34.72 2265
35 34.92 2296
35 33.95 2327
35 32.47 2358
35 35.51 2390
35 35.51 2421
35 33.76 2452
35 32.65 2483
35 33.20 2514
35 32.65 2545
35 32.47 2576
35 32.47 2607
35 32.65 2638
35 32.65 2669
35 35.11 2700
35 30.05 2731
35 33.57 2762
35 33.39 2793
35 29.89 2824
35 33.01 2855
35 33.20 2886
35 33.20 2917
35 33.01 2948
35 33.76 2979
35 33.76 3010
35 33.01 3041
35 30.89 3072
35 33.76 3103
35 34.14 3134
35 33.76 3165
35 31.76 3196
35 31.06 3227
35 30.55 3258
35 30.55 3289
35 29.89 3320
35 29.40 3351
35 28.92 3382
35 28.61 3414
35 27.84 3445
35 27.39 3476
35 26.95 3507
35 26.23 3538
35 25.12 3569
35 24.59 3600
35 23.94 3631
35 23.31 3662
35 23.43 3693
35 23.81 3724
35 24.20 3755
35 24.20 3786
35 24.46 3817
35 25.12 3848
35 26.23 3879
35 26.09 3910
35 27.69 3941
35 27.99 3972
35 29.24 4003
35 29.40 4034
35 29.72 4065
35 29.72 4096
35 29.56 4127
35 29.56 4158
35 26.95 4189
35 27.09 4220
35 26.23 4251
35 27.24 4282
35 27.09 4313
35 27.99 4344
35 27.99 4375
35 28.45 4406
35 28.61 4438
35 27.69 4469
35 27.69 4500
35 27.39 4531
35 27.84 4562
35 27.99 4593
35 28.14 4624
35 28.30 4655
35 28.45 4686
35 28.61 4717
35 28.45 4748
35 28.45 4779
35 27.39 4810
35 27.39 4841
35 28.45 4872
35 28.92 4903
35 28.14 4934
35 28.14 4965
35 27.99 4996
35 28.45 5027
35 28.61 5058
35 28.30 5089
35 27.99 5120
35 27.39 5151
35 26.95 5182
35 26.80 5213
35 26.80 5244
35 26.66 5275
35 25.67 5306
35 24.99 5337
35 24.99 5368
35 22.94 5399
35 23.06 5430
35 22.69 5462
35 22.82 5493
35 22.45 5524
35 22.94 5555
35 21.07 5586
35 23.06 5617
35 21.63 5648
35 21.07 5679
35 24.72 5710
35 24.99 5741
35 25.12 5772
35 26.23 5803
35 25.12 5834
35 26.51 5865
35 27.39 5896
35 28.92 5927
35 30.05 5958
35 30.38 5989
35 31.41 6020
35 31.93 6051
35 34.14 6082
35 32.83 6113
35 32.65 6144
35 31.41 6175
35 35.51 6206
35 36.95 6237
35 36.33 6268
35 35.11 6299
35 35.11 6330
35 34.92 6361
35 35.51 6392
35 35.51 6423
35 35.51 6454
35 35.31 6486
35 35.31 6517
35 35.11 6548
35 35.11 6579
35 35.71 6610
35 35.92 6641
35 35.92 6672
35 35.71 6703
35 35.31 6734
35 35.31 6765
35 35.51 6796
35 35.51 6827
35 34.92 6858
35 34.92 6889
35 34.92 6920
35 35.71 6951
35 35.51 6982
35 35.51 7013
35 35.31 7044
35 35.71 7075
35 35.92 7106
35 35.92 7137
35 35.71 7168
35 34.92 7199
35 35.11 7230
35 35.31 7261
35 35.31 7292
35 35.11 7323
35 35.11 7354
35 34.92 7385
35 35.71 7416
35 35.71 7447
35 35.71 7478
35 35.11 7510
35 35.51 7541
35 35.31 7572
35 35.11 7603
35 35.71 7634
35 35.71 7665
35 35.71 7696
35 35.71 7727
35 35.11 7758
35 35.11 7789
35 35.31 7820
35 35.51 7851
35 34.92 7882
35 34.92 7913
35 34.92 7944
35 35.92 7975
35 35.71 8006
35 35.51 8037
35 35.31 8068
35 35.31 8099
35 35.51 8130
35 35.51 8161
35 35.51 8192
35 34.72 8223
35 34.92 8254
35 34.92 8285
35 35.31 8316
35 35.11 8347
35 34.92 8378
35 34.92 8409
35 35.71 8440
35 35.71 8471
35 35.51 8502
35 34.92 8534
35 35.31 8565
35 35.11 8596
35 34.92 8627
35 35.31 8658
35 35.31 8689
35 35.31 8720
35 35.31 8751
35 34.72 8782
35 34.92 8813
35 35.11 8844
35 35.11 8875
35 34.92 8906
35 34.72 8937
35 34.72 8968
35 35.51 8999
35 35.31 9030
35 35.31 9061
35 35.11 9092
35 34.92 9123
35 35.11 9154
35 35.31 9185
35 35.11 9216
35 34.53 9247
35 34.53 9278
35 34.72 9309
35 35.31 9340
35 35.11 9371
35 34.92 9402
35 34.72 9433
35 35.31 9464
35 35.11 9495
35 35.11 9526
35 34.53 9558
35 34.92 9589
35 34.92 9620
35 34.72 9651
35 35.11 9682
35 35.31 9713
35 35.31 9744
35 35.51 9775
35 34.72 9806
35 34.72 9837
35 34.72 9868
35 34.92 9899
35 34.72 9930
35 34.72 9961
35 34.53 9992
35 35.11 10023
35 35.11 10054
35 35.11 10085
35 35.11 10116
35 34.72 10147
35 34.72 10178
35 34.92 10209
35 35.11 10240
35 34.33 10271
35 34.33 10302
35 34.33 10333
35 34.72 10364
35 34.72 10395
35 34.53 10426
35 34.33 10457
35 34.72 10488
35 34.72 10519
35 34.72 10550
35 33.95 10582
35 34.92 10613
35 34.92 10644
35 34.72 10675
35 34.53 10706
35 34.14 10737
35 33.76 10768
35 32.83 10799
35 31.93 10830
35 32.47 10861
35 32.47 10892
35 32.83 10923
35 32.83 10954
35 32.65 10985
35 32.83 11016
35 33.95 11047
35 33.76 11078
35 33.76 11109
35 33.76 11140
35 33.20 11171
35 33.01 11202
35 33.20 11233
35 33.57 11264
35 32.83 11295
35 32.65 11326
35 32.65 11357
35 33.57 11388
35 33.20 11419
35 33.20 11450
35 33.01 11481
35 33.39 11512
35 33.57 11543
35 33.57 11574
35 33.01 11606
35 33.57 11637
35 33.57 11668
35 33.20 11699
35 33.20 11730
35 33.39 11761
35 33.39 11792
35 33.39 11823
35 32.65 11854
35 32.65 11885
35 32.83 11916
35 33.01 11947
35 33.20 11978
35 33.01 12009
35 32.83 12040
35 33.39 12071
35 33.20 12102
35 33.39 12133
35 33.01 12164
35 32.65 12195
35 32.83 12226
35 33.01 12257
35 33.01 12288
35 32.65 12319
35 32.47 12350
35 32.65 12381
35 33.57 12412
35 33.57 12443
35 33.57 12474
35 33.20 12505
35 33.20 12536
35 33.20 12567
35 33.39 12598
35 32.47 12630
35 33.39 12661
35 33.20 12692
35 33.20 12723
35 32.83 12754
35 33.20 12785
35 33.20 12816
35 33.39 12847
35 32.83 12878
35 32.65 12909
35 33.01 12940
35 33.20 12971
35 33.57 13002
35 33.20 13033
35 33.20 13064
35 33.39 13095
35 33.57 13126
35 33.39 13157
35 33.57 13188
35 33.01 13219
35 33.20 13250
35 33.39 13281
35 33.39 13312
35 33.39 13343
35 33.01 13374
35 33.01 13405
35 33.76 13436
35 33.76 13467
35 33.39 13498
35 33.39 13529
35 33.39 13560
35 33.39 13591
35 33.39 13622
35 32.83 13654
35 33.57 13685
35 33.76 13716
35 33.57 13747
35 33.20 13778
35 33.39 13809
35 33.57 13840
35 33.57 13871
35 32.65 13902
35 32.83 13933
35 32.83 13964
35 32.83 13995
35 33.39 14026
35 33.20 14057
35 33.20 14088
35 33.20 14119
35 33.76 14150
35 33.76 14181
35 33.57 14212
35 32.83 14243
35 33.20 14274
35 33.20 14305
35 33.39 14336
35 33.20 14367
35 32.83 14398
35 32.83 14429
35 33.57 14460
35 33.57 14491
35 33.76 14522
35 33.76 14553
35 33.39 14584
35 33.57 14615
35 33.57 14646
35 33.39 14678
35 33.76 14709
35 33.95 14740
35 33.76 14771
35 32.83 14802
35 33.01 14833
35 33.20 14864
35 33.39 14895
35 32.83 14926
35 32.83 14957
35 32.83 14988
35 32.65 15019
35 33.57 15050
35 33.39 15081
35 33.39 15112
35 33.57 15143
35 33.57 15174
35 33.57 15205
35 33.57 15236
35 32.65 15267
35 32.83 15298
35 32.83 15329
35 33.01 15360
35 33.20 15391
35 33.01 15422
35 32.83 15453
35 33.57 15484
35 33.57 15515
35 33.57 15546
35 33.57 15577
35 33.20 15608
35 33.39 15639
35 33.39 15670
35 32.83 15702
35 33.57 15733
35 33.39 15764
35 33.57 15795
35 32.83 15826
35 32.83 15857
35 33.01 15888
35 33.01 15919
35 32.83 15950
35 32.83 15981
35 32.83 16012
35 32.65 16043
35 33.57 16074
35 33.39 16105
35 33.39 16136
35 33.01 16167
35 33.39 16198
35 33.39 16229
35 33.39 16260
35 32.65 16291
35 32.65 16322
35 32.65 16353
35 32.83 16384
35 33.01 16415