
35 24.99 37.25 1 62
35 38.68 30.98 1 93
35 34.92 32.55 1 124
35 36.53 31.37 1 155
35 35.71 31.76 1 186
35 36.12 31.37 1 217
35 35.92 30.98 1 248
35 35.71 30.98 1 279
35 35.71 30.98 1 310
35 35.51 30.98 1 342
35 35.51 30.59 1 373
35 35.31 30.59 1 404
35 35.31 30.59 1 435
35 35.31 30.59 1 466
35 35.31 30.59 1 497
35 35.31 30.59 1 528
35 35.31 30.59 1 559
35 35.11 30.59 1 590
35 35.11 30.59 1 621
35 35.11 30.59 1 652
35 35.31 30.59 1 683
35 35.31 30.59 1 714
35 35.31 30.59 1 745
35 35.11 30.59 1 776
35 35.31 30.59 1 807
35 35.31 30.59 1 838
35 35.31 30.20 1 869
35 34.92 30.59 1 900
35 35.31 30.20 1 931
35 34.92 30.59 1 962
35 35.31 30.20 1 993
35 34.92 30.59 1 1024
35 35.11 30.59 1 1055
35 35.11 30.59 1 1086
35 35.31 30.20 1 1117
35 34.92 30.59 1 1148
35 35.31 30.20 1 1179
35 34.92 30.59 1 1210
35 35.31 30.20 1 1241
35 34.92 30.59 1 1272
35 35.31 30.20 1 1303
35 34.92 30.20 1 1334
35 34.72 30.59 1 1366
35 35.31 30.20 1 1397
35 34.92 30.20 1 1428
35 34.92 30.20 1 1459
35 34.92 30.20 1 1490
35 34.92 30.20 1 1521
35 34.92 30.20 1 1552
35 34.92 30.20 1 1583
35 34.72 30.59 1 1614
35 35.11 30.20 1 1645
35 34.92 30.20 1 1676
35 34.92 30.20 1 1707
35 34.92 30.20 1 1738
35 34.92 30.20 1 1769
35 34.92 30.20 1 1800
35 34.92 30.20 1 1831
35 34.92 30.20 1 1862
35 34.92 30.20 1 1893
35 34.92 30.20 1 1924
35 34.92 30.20 1 1955
35 34.92 30.20 1 1986
35 34.92 30.20 1 2017
35 34.92 30.20 1 2048
35 34.92 30.20 1 2079
35 34.92 30.20 1 2110
35 34.92 30.20 1 2141
35 34.92 30.20 1 2172
35 34.92 30.20 1 2203
35 34.92 30.20 1 2234
35 34.92 30.20 1 2265
35 34.92 30.20 1 2296
35 34.92 30.20 1 2327
35 35.11 30.20 1 2358
35 34.92 30.20 1 2390
35 35.11 30.20 1 2421
35 34.92 30.20 1 2452
35 34.92 30.20 1 2483
35 34.92 30.20 1 2514
35 34.92 30.20 1 2545
35 34.92 30.20 1 2576
35 34.92 30.20 1 2607
35 34.92 30.20 1 2638
35 34.72 30.59 1 2669
35 35.31 30.20 1 2700
35 34.92 30.20 1 2731
35 34.92 30.20 1 2762
35 34.92 30.20 1 2793
35 34.92 30.20 1 2824
35 34.92 30.20 1 2855
35 35.11 30.20 1 2886
35 35.11 30.20 1 2917
35 34.92 30.20 1 2948
35 34.92 30.20 1 2979
35 34.92 30.20 1 3010
35 34.92 30.20 1 3041
35 34.92 30.20 1 3072
35 34.92 30.20 1 3103
35 34.92 30.20 1 3134
35 34.92 30.20 1 3165
35 35.11 30.20 1 3196
35 34.92 30.20 1 3227
35 34.92 30.20 1 3258
35 34.92 30.20 1 3289
35 34.92 30.20 1 3320
35 34.92 30.20 1 3351
35 34.92 30.20 1 3382
35 34.92 30.20 1 3414
35 34.92 30.20 1 3445
35 34.92 30.20 1 3476
35 34.92 30.20 1 3507
35 34.92 30.20 1 3538
35 34.92 30.20 1 3569
35 34.92 30.20 1 3600
35 34.92 30.20 1 3631
35 34.92 30.20 1 3662
35 34.72 30.59 1 3693
35 35.11 30.20 1 3724
35 34.72 30.59 1 3755
35 35.31 30.20 1 3786
35 34.92 30.59 1 3817
35 35.11 30.20 1 3848
35 34.92 30.59 1 3879
35 35.31 30.20 1 3910
35 34.92 30.20 1 3941
35 34.92 30.20 1 3972
35 34.72 30.59 1 4003
35 35.11 30.20 1 4034
35 34.92 30.20 1 4065
35 34.92 30.20 1 4096
35 34.72 30.59 1 4127
35 35.11 30.20 1 4158
35 34.72 30.59 1 4189
35 35.31 30.20 1 4220
35 34.92 30.59 1 4251
35 35.31 30.20 1 4282
35 34.92 30.20 1 4313
35 34.92 30.20 1 4344
35 34.92 30.20 1 4375
35 34.92 30.20 1 4406
35 34.72 30.59 1 4438
35 35.31 30.20 1 4469
35 34.92 30.20 1 4500
35 34.92 30.20 1 4531
35 34.72 30.59 1 4562
35 35.11 30.20 1 4593
35 34.92 30.20 1 4624
35 34.92 30.20 1 4655
70 34.72 63.92 1 4686
70 66.46 65.88 1 4717
70 69.66 64.71 1 4748
70 69.19 65.10 1 4779
70 69.66 65.10 1 4810
70 69.66 65.10 1 4841
70 69.66 65.10 1 4872
70 70.14 65.10 1 4903
70 70.14 65.10 1 4934
70 70.14 65.10 1 4965
70 70.14 65.10 1 4996
70 70.14 65.10 1 5027
70 70.14 65.10 1 5058
70 70.14 65.10 1 5089
70 70.14 65.10 1 5120
70 70.14 65.10 1 5151
70 69.66 65.10 1 5182
70 69.66 65.10 1 5213
70 70.14 65.10 1 5244
70 70.14 65.10 1 5275
70 70.14 65.10 1 5306
70 70.14 65.10 1 5337
70 70.14 65.10 1 5368
70 70.14 65.10 1 5399
70 70.14 65.10 1 5430
70 69.66 65.49 1 5462
70 70.62 64.71 1 5493
70 69.66 65.10 1 5524
70 70.14 65.10 1 5555
70 69.66 65.10 1 5586
70 69.66 65.49 1 5617
70 69.66 65.49 1 5648
70 69.66 65.49 1 5679
70 69.19 65.88 1 5710
70 69.19 65.88 1 5741
70 69.19 66.27 1 5772
70 68.73 66.67 1 5803
70 67.81 67.45 1 5834
70 66.91 68.63 1 5865
70 66.02 70.20 1 5896
70 65.58 71.76 1 5927
70 64.29 73.73 1 5958
70 62.62 76.47 1 5989
70 61.41 79.61 1 6020
70 62.62 81.18 1 6051
70 69.66 78.82 1 6082
70 82.38 70.20 1 6113
70 97.80 56.08 1 6144
70 100.89 45.49 1 6175
70 96.30 39.61 1 6206
70 98.56 30.20 1 6237
70 110.13 13.73 1 6268
70 114.74 0.00 1 6299
70 115.69 0.00 1 6330
70 120.64 0.00 1 6361
70 127.00 0.00 1 6392
70 125.91 0.00 1 6423
70 123.76 0.00 1 6454
70 112.86 0.00 1 6486
70 109.24 0.00 1 6517
70 111.03 0.00 1 6548
70 113.79 0.00 1 6579
70 122.71 0.00 1 6610
70 125.91 0.00 1 6641
70 128.11 0.00 1 6672
70 127.00 0.00 1 6703
70 119.63 0.00 1 6734
70 114.74 0.00 1 6765
70 111.03 0.00 1 6796
70 109.24 0.00 1 6827
70 111.03 0.00 1 6858
70 114.74 0.00 1 6889
70 118.63 0.00 1 6920
70 127.00 0.00 1 6951
70 127.00 0.00 1 6982
70 125.91 0.00 1 7013
70 122.71 0.00 1 7044
70 112.86 0.00 1 7075
70 110.13 0.00 1 7106
70 108.36 0.00 1 7137
70 109.24 0.00 1 7168
70 116.66 0.00 1 7199
70 120.64 0.00 1 7230
70 123.76 0.00 1 7261
70 127.00 0.00 1 7292
70 124.83 0.00 1 7323
70 120.64 0.00 1 7354
70 116.66 0.00 1 7385
70 109.24 0.00 1 7416
70 109.24 0.00 1 7447
70 110.13 0.00 1 7478
70 118.63 0.00 1 7510
70 127.00 0.00 1 7541
70 128.11 0.00 1 7572
70 125.91 0.00 1 7603
70 116.66 0.00 1 7634
70 111.94 0.00 1 7665
70 110.13 0.00 1 7696
70 108.36 0.00 1 7727
70 112.86 0.00 1 7758
70 116.66 0.00 1 7789
70 120.64 0.00 1 7820
70 124.83 0.00 1 7851
70 127.00 0.00 1 7882
70 124.83 0.00 1 7913
70 120.64 0.00 1 7944
70 111.03 0.00 1 7975
70 109.24 0.00 1 8006
70 109.24 0.00 1 8037
70 110.13 0.00 1 8068
70 118.63 0.00 1 8099
70 122.71 0.00 1 8130
70 125.91 0.00 1 8161
70 127.00 0.00 1 8192
70 121.67 0.00 1 8223
70 117.64 0.00 1 8254
70 113.79 0.00 1 8285
70 108.36 0.00 1 8316
70 109.24 0.00 1 8347
70 111.94 0.00 1 8378
70 115.69 0.00 1 8409
70 124.83 0.00 1 8440
70 127.00 0.00 1 8471
70 127.00 0.00 1 8502
70 120.64 0.00 1 8534
70 110.13 0.00 1 8565
70 109.24 0.00 1 8596
70 108.36 0.00 1 8627
70 114.74 0.00 1 8658
70 119.63 0.00 1 8689
70 122.71 0.00 1 8720
70 125.91 0.00 1 8751
70 125.91 0.00 1 8782
70 122.71 0.00 1 8813
70 117.64 0.00 1 8844
70 113.79 0.00 1 8875
70 108.36 0.00 1 8906
70 109.24 0.00 1 8937
70 111.94 0.00 1 8968
70 120.64 0.00 1 8999
70 124.83 0.00 1 9030
70 127.00 0.00 1 9061
70 127.00 0.00 1 9092
70 119.63 0.00 1 9123
70 115.69 0.00 1 9154
70 111.94 0.00 1 9185
70 109.24 0.00 1 9216
70 111.03 0.00 1 9247
70 113.79 0.00 1 9278
70 117.64 0.00 1 9309
70 125.91 0.00 1 9340
70 127.00 0.00 1 9371
70 125.91 0.00 1 9402
70 123.76 0.00 1 9433
70 112.86 0.00 1 9464
70 110.13 0.00 1 9495
70 108.36 0.00 1 9526
70 111.94 0.00 1 9558
70 121.67 0.00 1 9589
70 124.83 0.00 1 9620
70 127.00 0.00 1 9651
70 124.83 0.00 1 9682
70 120.64 0.00 1 9713
70 115.69 0.00 1 9744
70 111.03 0.00 1 9775
70 106.63 0.00 1 9806
70 103.29 0.00 1 9837
70 89.96 0.00 1 9868
70 81.79 0.00 1 9899
70 84.81 0.00 1 9930
70 75.66 0.00 1 9961
70 60.23 8.63 1 9992
70 49.89 18.43 1 10023
70 43.71 28.63 1 10054
70 41.95 37.65 1 10085
70 39.58 47.84 1 10116
70 40.75 56.08 1 10147
70 44.50 62.35 1 10178
70 48.39 67.45 1 10209
70 52.40 70.98 1 10240
70 54.40 74.90 1 10271
70 57.95 77.25 1 10302
70 61.41 78.43 1 10333
70 64.72 78.82 1 10364
70 66.91 78.82 1 10395
70 68.27 78.82 1 10426
70 69.66 78.43 1 10457
70 70.62 77.65 1 10488
70 71.10 77.25 1 10519
70 72.08 76.47 1 10550
70 72.58 75.29 1 10582
70 73.08 74.51 1 10613
70 73.59 72.94 1 10644
70 74.10 71.76 1 10675
70 74.10 70.59 1 10706
70 74.61 69.02 1 10737
70 73.59 68.24 1 10768
70 73.08 67.84 1 10799
70 72.58 67.06 1 10830
70 72.08 66.67 1 10861
70 71.59 66.67 1 10892
70 71.10 66.67 1 10923
70 71.59 65.88 1 10954
70 71.10 65.88 1 10985
70 71.10 65.49 1 11016
70 70.14 65.88 1 11047
70 70.62 65.49 1 11078
70 70.62 65.49 1 11109
70 70.62 65.49 1 11140
70 70.14 65.49 1 11171
70 70.14 65.49 1 11202
70 70.14 65.49 1 11233
70 70.14 65.49 1 11264
70 70.62 65.10 1 11295
70 70.14 65.49 1 11326
70 70.62 65.10 1 11357
70 70.14 65.10 1 11388
70 70.14 65.10 1 11419
70 70.14 65.10 1 11450
70 70.14 65.10 1 11481
70 69.66 65.49 1 11512
70 70.14 65.49 1 11543
70 70.14 65.49 1 11574
70 70.14 65.49 1 11606
70 70.62 65.10 1 11637
70 70.14 65.10 1 11668
70 70.14 65.10 1 11699
70 69.66 65.49 1 11730
70 70.14 65.10 1 11761
70 69.66 65.49 1 11792
70 70.14 65.10 1 11823
70 70.14 65.10 1 11854
70 70.14 65.10 1 11885
70 70.14 65.10 1 11916
70 69.66 65.49 1 11947
70 70.62 65.10 1 11978
70 70.14 65.10 1 12009
70 70.14 65.10 1 12040
70 69.66 65.49 1 12071
70 70.14 65.10 1 12102
70 70.14 65.10 1 12133
70 70.14 65.10 1 12164
70 70.14 65.10 1 12195
70 70.14 65.10 1 12226
70 70.14 65.10 1 12257
70 69.66 65.49 1 12288
70 70.62 65.10 1 12319
70 70.14 65.10 1 12350
70 70.14 65.10 1 12381
70 70.14 65.10 1 12412
70 70.14 65.10 1 12443
70 70.14 65.10 1 12474
70 70.14 65.10 1 12505
70 69.66 65.49 1 12536
70 70.14 65.10 1 12567
70 70.14 65.10 1 12598
70 70.14 65.10 1 12630
70 70.14 65.10 1 12661
70 70.14 65.10 1 12692
70 70.14 65.10 1 12723
70 69.66 65.49 1 12754
70 70.14 65.10 1 12785
70 69.66 65.49 1 12816
70 70.14 65.10 1 12847
70 70.14 65.10 1 12878
70 70.14 65.10 1 12909
70 70.14 65.10 1 12940
70 69.66 65.49 1 12971
70 70.62 65.10 1 13002
70 70.14 65.10 1 13033
70 70.14 65.10 1 13064
70 70.14 65.10 1 13095
70 70.14 65.10 1 13126
70 70.14 65.10 1 13157
70 70.14 65.10 1 13188
70 70.14 65.10 1 13219
70 69.66 65.49 1 13250
70 70.14 65.10 1 13281
70 69.66 65.49 1 13312
70 70.62 65.10 1 13343
70 70.14 65.10 1 13374
70 70.14 65.10 1 13405
70 70.14 65.10 1 13436
70 70.14 65.10 1 13467
70 70.14 65.10 1 13498
70 70.14 65.10 1 13529
70 69.66 65.49 1 13560
70 70.14 65.10 1 13591
70 69.66 65.49 1 13622
70 70.62 65.10 1 13654
70 70.14 65.10 1 13685
70 70.14 65.10 1 13716
70 70.14 65.10 1 13747
70 69.66 65.49 1 13778
70 70.14 65.10 1 13809
70 69.66 65.49 1 13840
70 70.14 65.10 1 13871
70 70.14 65.10 1 13902
70 70.14 65.10 1 13933
70 70.14 65.10 1 13964
70 70.14 65.10 1 13995
70 70.14 65.10 1 14026
70 70.14 65.10 1 14057
70 70.14 65.10 1 14088
70 69.66 65.49 1 14119
70 70.14 65.10 1 14150
70 69.66 65.49 1 14181
70 70.14 65.10 1 14212
70 69.66 65.49 1 14243
70 70.14 65.49 1 14274
70 70.14 65.49 1 14305
70 70.14 65.49 1 14336
70 70.62 65.10 1 14367
70 70.14 65.10 1 14398
70 70.14 65.10 1 14429
70 70.14 65.10 1 14460
70 70.14 65.10 1 14491
70 70.14 65.10 1 14522
70 70.14 65.10 1 14553
70 69.66 65.49 1 14584
70 70.14 65.10 1 14615
70 69.66 65.49 1 14646
70 70.62 65.10 1 14678
70 70.14 65.10 1 14709
70 69.66 65.49 1 14740
70 70.62 64.71 1 14771
70 69.66 65.49 1 14802
70 70.14 65.10 1 14833
70 69.66 65.49 1 14864
70 70.14 65.10 1 14895
70 70.14 65.10 1 14926
70 70.14 65.10 1 14957
70 70.14 65.10 1 14988
70 70.14 65.10 1 15019
70 70.14 65.10 1 15050
70 70.14 65.10 1 15081
70 70.14 65.10 1 15112
70 69.66 65.49 1 15143
70 70.14 65.10 1 15174
70 69.66 65.49 1 15205
70 70.14 65.10 1 15236
70 70.14 65.10 1 15267
70 69.66 65.49 1 15298
70 70.14 65.10 1 15329
70 69.66 65.49 1 15360
70 70.62 65.10 1 15391
70 70.14 65.10 1 15422
70 70.14 65.10 1 15453
70 70.14 65.10 1 15484
70 70.14 65.10 1 15515
35 70.14 30.59 1 15546
35 37.80 30.20 1 15577
35 35.51 30.98 1 15608
35 35.92 30.59 1 15639
35 35.31 30.59 1 15670
35 35.51 30.59 1 15702
35 35.31 30.59 1 15733
35 35.31 30.59 1 15764
35 35.31 30.59 1 15795
35 35.31 30.59 1 15826
35 35.31 30.20 1 15857
35 34.72 30.59 1 15888
35 35.11 30.59 1 15919
35 35.31 30.20 1 15950
35 34.92 30.59 1 15981
35 35.31 30.20 1 16012
35 34.92 30.59 1 16043
35 35.11 30.59 1 16074
35 35.11 30.59 1 16105
35 35.31 30.20 1 16136
35 34.72 30.59 1 1616735 0.07 30.59 1 31
35 25.12 37.25 1 62
35 38.90 30.98 1 93
35 35.11 32.16 1 124
35 36.33 31.37 1 155
35 35.71 31.76 1 186
35 36.33 30.98 1 217
35 35.71 30.98 1 248
35 35.71 30.98 1 279
35 35.71 30.98 1 310
35 35.71 30.59 1 342
35 35.31 30.59 1 373
35 35.31 30.59 1 404
35 35.31 30.59 1 435
35 35.31 30.59 1 466
35 35.51 30.59 1 497
35 35.51 30.20 1 528
35 35.11 30.59 1 559
35 35.31 30.59 1 590
35 35.31 30.59 1 621
35 35.31 30.20 1 652
35 34.92 30.59 1 683
35 35.31 30.20 1 714
35 34.92 30.59 1 745
35 35.31 30.20 1 776
35 35.11 30.20 1 807
35 35.11 30.20 1 838
35 35.11 30.20 1 869
35 34.92 30.59 1 900
35 35.31 30.20 1 931
35 34.92 30.59 1 962
35 35.51 30.20 1 993
35 35.11 30.20 1 1024
35 34.92 30.20 1 1055
35 34.92 30.20 1 1086
35 34.92 30.20 1 1117
35 35.11 30.20 1 1148
35 34.92 30.20 1 1179
35 34.92 30.20 1 1210
35 34.92 30.20 1 1241
35 35.11 30.20 1 1272
35 35.11 30.20 1 1303
35 35.11 30.20 1 1334
35 34.92 30.20 1 1366
35 35.11 30.20 1 1397
35 35.11 30.20 1 1428
35 34.92 30.20 1 1459
35 35.11 30.20 1 1490
35 35.11 30.20 1 1521
35 35.11 30.20 1 1552
35 35.11 30.20 1 1583
35 34.92 30.20 1 1614
35 34.92 30.20 1 1645
35 34.92 30.20 1 1676
35 34.92 30.20 1 1707
35 34.92 30.20 1 1738
35 34.92 30.20 1 1769
35 34.92 30.20 1 1800
35 35.11 30.20 1 1831
35 35.11 30.20 1 1862
35 35.11 30.20 1 1893
35 35.11 30.20 1 1924
35 34.92 30.20 1 1955
35 34.92 30.20 1 1986
35 35.11 30.20 1 2017
35 35.11 30.20 1 2048
35 34.92 30.20 1 2079
35 34.92 30.20 1 2110
35 34.92 30.20 1 2141
35 35.11 30.20 1 2172
35 35.11 30.20 1 2203
35 34.92 30.20 1 2234
35 34.92 30.20 1 2265
35 35.11 30.20 1 2296
35 35.11 30.20 1 2327
35 35.11 30.20 1 2358
35 34.92 30.20 1 2390
35 35.11 30.20 1 2421
35 35.11 30.20 1 2452
35 34.92 30.20 1 2483
35 34.92 30.20 1 2514
35 34.92 30.20 1 2545
35 35.11 30.20 1 2576
35 35.11 30.20 1 2607
35 34.92 30.20 1 2638
35 34.92 30.20 1 2669
35 34.92 30.20 1 2700
35 34.92 30.20 1 2731
35 34.92 30.20 1 2762
35 34.92 30.20 1 2793
35 34.92 30.20 1 2824
35 35.11 30.20 1 2855
35 35.11 30.20 1 2886
35 35.11 30.20 1 2917
35 35.11 30.20 1 2948
35 34.92 30.20 1 2979
35 34.92 30.20 1 3010
35 34.92 30.20 1 3041
35 35.11 30.20 1 3072
35 34.92 30.20 1 3103
35 34.92 30.20 1 3134
35 34.92 30.20 1 3165
35 35.11 30.20 1 3196
35 35.11 30.20 1 3227
35 34.92 30.20 1 3258
35 34.92 30.20 1 3289
35 35.11 30.20 1 3320
35 35.11 30.20 1 3351
35 35.11 30.20 1 3382
35 34.92 30.20 1 3414
35 34.92 30.20 1 3445
35 34.92 30.20 1 3476
35 34.92 30.20 1 3507
35 34.92 30.20 1 3538
35 34.92 30.20 1 3569
35 34.92 30.20 1 3600
35 34.92 30.20 1 3631
35 34.72 30.59 1 3662
35 35.31 30.20 1 3693
35 34.92 30.20 1 3724
35 34.92 30.20 1 3755
35 34.92 30.20 1 3786
35 34.92 30.20 1 3817
35 34.92 30.20 1 3848
35 34.92 30.20 1 3879
35 34.92 30.20 1 3910
35 34.92 30.20 1 3941
35 34.92 30.20 1 3972
35 34.72 30.59 1 4003
35 35.31 30.20 1 4034
35 34.92 30.20 1 4065
35 34.92 30.20 1 4096
35 34.92 30.20 1 4127
35 34.92 30.20 1 4158
35 34.92 30.20 1 4189
35 34.92 30.20 1 4220
35 34.92 30.20 1 4251
35 34.92 30.20 1 4282
35 34.92 30.20 1 4313
35 34.92 30.20 1 4344
35 34.92 30.20 1 4375
35 34.92 30.20 1 4406
35 34.92 30.20 1 4438
35 35.11 30.20 1 4469
35 34.92 30.20 1 4500
35 34.92 30.20 1 4531
35 34.92 30.20 1 4562
35 34.92 30.20 1 4593
35 34.92 30.20 1 4624
35 35.11 30.20 1 4655
70 34.92 63.92 1 4686
70 66.46 65.88 1 4717
70 70.14 64.71 1 4748
70 69.66 64.71 1 4779
70 69.66 64.71 1 4810
70 69.66 65.10 1 4841
70 70.14 64.71 1 4872
70 69.66 65.10 1 4903
70 70.14 64.71 1 4934
70 69.66 65.10 1 4965
70 70.14 64.71 1 4996
70 69.66 65.10 1 5027
70 70.14 64.71 1 5058
70 69.66 65.10 1 5089
70 70.14 64.71 1 5120
70 69.66 65.10 1 5151
70 70.14 64.71 1 5182
70 69.66 65.10 1 5213
70 70.14 65.10 1 5244
70 70.14 65.10 1 5275
70 70.14 65.10 1 5306
70 70.14 65.10 1 5337
70 70.14 65.10 1 5368
70 70.14 65.10 1 5399
70 69.66 65.10 1 5430
70 69.19 65.49 1 5462
70 69.19 65.88 1 5493
70 68.73 66.27 1 5524
70 68.27 67.06 1 5555
70 67.35 67.84 1 5586
70 66.46 69.41 1 5617
70 65.58 70.98 1 5648
70 64.72 72.94 1 5679
70 63.03 75.29 1 5710
70 61.81 78.43 1 5741
70 61.41 81.18 1 5772
70 62.22 83.14 1 5803
70 66.02 82.75 1 5834
70 74.10 78.43 1 5865
70 84.19 70.20 1 5896
70 92.71 60.39 1 5927
70 97.80 50.20 1 5958
70 94.84 43.92 1 5989
70 94.12 36.86 1 6020
70 106.63 21.18 1 6051
70 116.66 3.14 1 6082
70 117.64 0.00 1 6113
70 120.64 0.00 1 6144
70 120.64 0.00 1 6175
70 118.63 0.00 1 6206
70 114.74 0.00 1 6237
70 106.63 0.00 1 6268
70 106.63 0.00 1 6299
70 107.49 0.00 1 6330
70 110.13 0.00 1 6361
70 118.63 0.00 1 6392
70 121.67 0.00 1 6423
70 123.76 0.00 1 6454
70 119.63 0.00 1 6486
70 109.24 0.00 1 6517
70 106.63 0.00 1 6548
70 105.78 0.00 1 6579
70 110.13 0.00 1 6610
70 113.79 0.00 1 6641
70 117.64 0.00 1 6672
70 120.64 0.00 1 6703
70 123.76 0.00 1 6734
70 120.64 0.00 1 6765
70 116.66 0.00 1 6796
70 112.86 0.00 1 6827
70 105.78 0.00 1 6858
70 105.78 0.00 1 6889
70 107.49 0.00 1 6920
70 116.66 0.00 1 6951
70 119.63 0.00 1 6982
70 122.71 0.00 1 7013
70 123.76 0.00 1 7044
70 118.63 0.00 1 7075
70 113.79 0.00 1 7106
70 110.13 0.00 1 7137
70 107.49 0.00 1 7168
70 106.63 0.00 1 7199
70 109.24 0.00 1 7230
70 112.86 0.00 1 7261
70 121.67 0.00 1 7292
70 123.76 0.00 1 7323
70 123.76 0.00 1 7354
70 121.67 0.00 1 7385
70 111.94 0.00 1 7416
70 108.36 0.00 1 7447
70 105.78 0.00 1 7478
70 108.36 0.00 1 7510
70 116.66 0.00 1 7541
70 120.64 0.00 1 7572
70 122.71 0.00 1 7603
70 120.64 0.00 1 7634
70 117.64 0.00 1 7665
70 112.86 0.00 1 7696
70 109.24 0.00 1 7727
70 105.78 0.00 1 7758
70 107.49 0.00 1 7789
70 110.13 0.00 1 7820
70 113.79 0.00 1 7851
70 122.71 0.00 1 7882
70 123.76 0.00 1 7913
70 122.71 0.00 1 7944
70 114.74 0.00 1 7975
70 110.13 0.00 1 8006
70 107.49 0.00 1 8037
70 105.78 0.00 1 8068
70 109.24 0.00 1 8099
70 112.86 0.00 1 8130
70 116.66 0.00 1 8161
70 119.63 0.00 1 8192
70 123.76 0.00 1 8223
70 121.67 0.00 1 8254
70 117.64 0.00 1 8285
70 108.36 0.00 1 8316
70 106.63 0.00 1 8347
70 105.78 0.00 1 8378
70 107.49 0.00 1 8409
70 114.74 0.00 1 8440
70 118.63 0.00 1 8471
70 121.67 0.00 1 8502
70 122.71 0.00 1 8534
70 113.79 0.00 1 8565
70 109.24 0.00 1 8596
70 106.63 0.00 1 8627
70 107.49 0.00 1 8658
70 110.13 0.00 1 8689
70 113.79 0.00 1 8720
70 116.66 0.00 1 8751
70 123.76 0.00 1 8782
70 123.76 0.00 1 8813
70 120.64 0.00 1 8844
70 116.66 0.00 1 8875
70 107.49 0.00 1 8906
70 105.78 0.00 1 8937
70 105.78 0.00 1 8968
70 111.94 0.00 1 8999
70 115.69 0.00 1 9030
70 119.63 0.00 1 9061
70 122.71 0.00 1 9092
70 121.67 0.00 1 9123
70 118.63 0.00 1 9154
70 114.74 0.00 1 9185
70 110.13 0.00 1 9216
70 105.78 0.00 1 9247
70 106.63 0.00 1 9278
70 109.24 0.00 1 9309
70 118.63 0.00 1 9340
70 121.67 0.00 1 9371
70 123.76 0.00 1 9402
70 123.76 0.00 1 9433
70 115.69 0.00 1 9464
70 111.94 0.00 1 9495
70 108.36 0.00 1 9526
70 105.78 0.00 1 9558
70 112.86 0.00 1 9589
70 116.66 0.00 1 9620
70 120.64 0.00 1 9651
70 123.76 0.00 1 9682
70 121.67 0.00 1 9713
70 117.64 0.00 1 9744
70 113.79 0.00 1 9775
70 106.63 0.00 1 9806
70 105.78 0.00 1 9837
70 107.49 0.00 1 9868
70 110.13 0.00 1 9899
70 119.63 0.00 1 9930
70 121.67 0.00 1 9961
70 122.71 0.00 1 9992
70 115.69 0.00 1 10023
70 103.29 0.00 1 10054
70 82.38 1.18 1 10085
70 75.66 1.96 1 10116
70 54.74 14.51 1 10147
70 38.90 29.80 1 10178
70 32.83 43.53 1 10209
70 36.95 51.76 1 10240
70 41.71 58.43 1 10271
70 48.69 62.35 1 10302
70 52.73 65.88 1 10333
70 56.14 68.63 1 10364
70 59.08 70.59 1 10395
70 60.62 72.94 1 10426
70 62.22 74.51 1 10457
70 63.87 75.69 1 10488
70 64.72 76.86 1 10519
70 66.02 77.65 1 10550
70 67.35 78.04 1 10582
70 68.73 77.65 1 10613
70 69.66 77.25 1 10644
70 70.62 76.86 1 10675
70 71.10 76.47 1 10706
70 71.59 75.69 1 10737
70 72.08 74.90 1 10768
70 72.58 74.12 1 10799
70 72.58 73.33 1 10830
70 72.58 72.55 1 10861
70 73.08 71.76 1 10892
70 73.08 70.59 1 10923
70 73.59 69.41 1 10954
70 73.59 68.63 1 10985
70 73.08 67.84 1 11016
70 72.58 67.45 1 11047
70 72.08 67.06 1 11078
70 72.08 66.27 1 11109
70 71.10 66.27 1 11140
70 71.10 66.27 1 11171
70 71.10 65.88 1 11202
70 70.62 65.88 1 11233
70 70.62 65.88 1 11264
70 70.62 65.88 1 11295
70 70.62 65.49 1 11326
70 70.14 65.88 1 11357
70 70.62 65.49 1 11388
70 70.62 65.49 1 11419
70 70.62 65.10 1 11450
70 70.14 65.49 1 11481
70 70.14 65.49 1 11512
70 70.14 65.49 1 11543
70 70.14 65.49 1 11574
70 70.14 65.49 1 11606
70 70.14 65.49 1 11637
70 70.62 65.10 1 11668
70 70.14 65.10 1 11699
70 69.66 65.49 1 11730
70 70.14 65.49 1 11761
70 70.14 65.49 1 11792
70 70.14 65.49 1 11823
70 70.14 65.49 1 11854
70 70.14 65.49 1 11885
70 70.14 65.49 1 11916
70 70.14 65.49 1 11947
70 70.62 65.10 1 11978
70 70.14 65.10 1 12009
70 70.14 65.10 1 12040
70 69.66 65.49 1 12071
70 70.14 65.10 1 12102
70 70.14 65.10 1 12133
70 70.14 65.10 1 12164
70 69.66 65.49 1 12195
70 70.14 65.10 1 12226
70 69.66 65.49 1 12257
70 70.14 65.49 1 12288
70 70.14 65.49 1 12319
70 70.14 65.49 1 12350
70 70.14 65.49 1 12381
70 70.62 65.10 1 12412
70 70.14 65.10 1 12443
70 70.14 65.10 1 12474
70 70.14 65.10 1 12505
70 69.66 65.49 1 12536
70 70.14 65.10 1 12567
70 69.66 65.49 1 12598
70 70.14 65.10 1 12630
70 70.14 65.10 1 12661
70 70.14 65.10 1 12692
70 70.14 65.10 1 12723
70 69.66 65.49 1 12754
70 70.14 65.49 1 12785
70 70.14 65.49 1 12816
70 70.14 65.49 1 12847
70 70.14 65.49 1 12878
70 70.14 65.49 1 12909
70 70.14 65.49 1 12940
70 70.14 65.49 1 12971
70 70.14 65.49 1 13002
70 70.14 65.49 1 13033
70 70.62 65.10 1 13064
70 69.66 65.49 1 13095
70 70.14 65.10 1 13126
70 70.14 65.10 1 13157
70 70.14 65.10 1 13188
70 69.66 65.49 1 13219
70 70.14 65.10 1 13250
70 69.66 65.49 1 13281
70 70.14 65.49 1 13312
70 70.14 65.49 1 13343
70 70.62 65.10 1 13374
70 70.14 65.10 1 13405
70 70.14 65.10 1 13436
70 70.14 65.10 1 13467
70 70.14 65.10 1 13498
70 70.14 65.10 1 13529
70 69.66 65.49 1 13560
70 70.14 65.10 1 13591
70 69.66 65.49 1 13622
70 70.14 65.10 1 13654
70 70.14 65.10 1 13685
70 70.14 65.10 1 13716
70 70.14 65.10 1 13747
70 69.66 65.49 1 13778
70 70.14 65.49 1 13809
70 70.14 65.49 1 13840
70 70.14 65.49 1 13871
70 70.62 65.10 1 13902
70 70.14 65.10 1 13933
70 70.14 65.10 1 13964
70 69.66 65.49 1 13995
70 70.62 64.71 1 14026
70 69.66 65.49 1 14057
70 70.62 64.71 1 14088
70 69.66 65.10 1 14119
70 69.66 65.49 1 14150
70 70.14 65.10 1 14181
70 70.14 65.10 1 14212
70 69.66 65.49 1 14243
70 70.14 65.10 1 14274
70 69.66 65.49 1 14305
70 70.14 65.10 1 14336
70 70.14 65.10 1 14367
70 70.14 65.10 1 14398
70 70.14 65.10 1 14429
70 70.14 65.10 1 14460
70 70.14 65.10 1 14491
70 70.14 65.10 1 14522
70 70.14 65.10 1 14553
70 69.66 65.49 1 14584
70 70.14 65.10 1 14615
70 69.66 65.49 1 14646
70 70.14 65.10 1 14678
70 70.14 65.10 1 14709
70 70.14 65.10 1 14740
70 70.14 65.10 1 14771
70 69.66 65.49 1 14802
70 70.14 65.10 1 14833
70 69.66 65.49 1 14864
70 70.14 65.49 1 14895
70 70.62 65.10 1 14926
70 70.14 65.10 1 14957
70 70.14 65.10 1 14988
70 69.66 65.49 1 15019
70 70.62 65.10 1 15050
70 70.14 65.10 1 15081
70 70.14 65.10 1 15112
70 69.66 65.49 1 15143
70 70.14 65.10 1 15174
70 69.66 65.49 1 15205
70 70.14 65.10 1 15236
70 70.14 65.10 1 15267
70 69.66 65.49 1 15298
70 70.14 65.10 1 15329
70 69.66 65.49 1 15360
70 70.14 65.10 1 15391
70 70.14 65.10 1 15422
70 69.66 65.49 1 15453
70 70.14 65.49 1 15484
70 70.14 65.49 1 15515
35 70.14 30.59 1 15546
35 37.59 30.20 1 15577
35 35.51 30.98 1 15608
35 35.71 30.98 1 15639
35 35.71 30.59 1 15670
35 35.51 30.59 1 15702
35 35.11 30.59 1 15733
35 35.11 30.59 1 15764
35 35.11 30.59 1 15795
35 35.11 30.59 1 15826
35 35.11 30.59 1 15857
35 35.11 30.59 1 15888
35 35.11 30.59 1 15919
35 35.31 30.59 1 15950
35 35.31 30.59 1 15981
35 35.11 30.59 1 16012
35 35.11 30.59 1 16043
35 35.11 30.59 1 16074
35 35.11 30.59 1 16105
35 35.11 30.59 1 16136
35 35.11 30.59 1 16167
35 35.11 30.59 1 16198
35 35.11 30.59 1 16229
35 35.11 30.59 1 16260
35 35.11 30.59 1 16291
35 35.11 30.59 1 16322
35 35.11 30.59 1 16353
35 35.11 30.59 1 16384
35 35.31 30.59 1 16415
35 35.31 30.59 1 16446
35 35.31 30.59 1 16477
35 35.11 30.59 1 16508
35 35.11 30.59 1 16539
35 35.11 30.59 1 16570
35 35.11 30.59 1 16601
35 35.11 30.59 1 16632
35 35.11 30.59 1 16663
35 35.11 30.59 1 16694
35 35.31 30.59 1 16726
35 35.11 30.59 1 16757
35 35.11 30.59 1 16788
35 35.11 30.59 1 16819
35 35.11 30.59 1 16850
35 35.11 30.59 1 16881
35 35.11 30.59 1 16912
35 35.11 30.59 1 16943
35 35.31 30.59 1 16974
35 35.31 30.59 1 17005
35 35.31 30.20 1 17036
35 34.92 30.59 1 17067
35 35.11 30.59 1 17098
35 35.11 30.59 1 17129
35 35.31 30.20 1 17160
35 34.72 30.59 1 17191
35 35.11 30.59 1 17222
35 35.11 30.59 1 17253
35 35.11 30.59 1 17284
35 35.31 30.20 1 17315
35 34.92 30.59 1 17346
35 35.11 30.59 1 17377
35 35.11 30.59 1 17408
35 35.31 30.20 1 17439
35 34.92 30.59 1 17470
35 35.31 30.20 1 17501
35 34.72 30.59 1 17532
35 35.11 30.20 1 17563
35 34.72 30.59 1 17594
35 35.11 30.59 1 17625
35 35.11 30.59 1 17656
35 35.11 30.59 1 17687
35 35.11 30.59 1 17718
35 35.31 30.20 1 17750
35 34.72 30.59 1 17781
35 35.11 30.59 1 17812
35 35.11 30.59 1 17843
35 35.11 30.59 1 17874
35 35.11 30.59 1 17905
35 35.11 30.59 1 17936
35 35.11 30.59 1 17967
35 35.31 30.20 1 17998
35 34.92 30.59 1 18029
35 35.31 30.20 1 18060
35 34.92 30.59 1 18091
35 35.11 30.20 1 18122
35 34.72 30.59 1 18153
35 35.11 30.20 1 18184
35 34.72 30.59 1 18215
35 35.11 30.20 1 18246
35 34.72 30.59 1 18277
35 35.11 30.59 1 18308
35 35.31 30.20 1 18339
35 34.92 30.59 1 18370
35 35.31 30.20 1 18401
35 34.72 30.59 1 18432
35 35.31 30.20 1 18463
35 34.92 30.59 1 18494
35 35.31 30.20 1 18525
35 34.72 30.59 1 18556
35 35.11 30.20 1 18587
35 34.72 30.59 1 18618
35 35.11 30.20 1 18649
35 34.92 30.59 1 18680
35 35.11 30.20 1 18711
35 34.72 30.59 1 18742
35 35.31 30.20 1 18774
35 34.72 30.59 1 18805
35 35.11 30.20 1 18836