70 0.08 63.92 1 31
70 59.46 70.98 1 62
70 73.08 65.10 1 93
70 70.62 65.88 1 124
70 71.59 65.10 1 155
70 70.62 65.10 1 186
70 70.62 65.10 1 217
70 69.66 65.49 1 248
70 70.62 65.10 1 279
70 70.62 65.10 1 310
70 69.66 65.49 1 342
70 71.59 64.31 1 373
70 71.10 63.92 1 404
70 70.14 64.31 1 435
70 69.19 65.10 1 466
70 70.14 64.71 1 497
70 69.66 64.71 1 528
70 70.14 64.71 1 559
70 69.19 65.10 1 590
70 70.14 64.71 1 621
70 69.66 65.10 1 652
70 69.66 65.10 1 683
70 71.10 64.31 1 714
70 70.14 64.71 1 745
70 70.14 64.71 1 776
70 70.14 64.71 1 807
70 70.14 64.71 1 838
70 70.62 64.31 1 869
70 70.62 64.31 1 900
70 69.19 65.10 1 931
70 69.66 64.71 1 962
70 69.66 65.10 1 993
70 70.14 64.71 1 1024
70 70.14 64.71 1 1055
70 69.66 65.10 1 1086
70 69.66 65.10 1 1117
70 71.10 63.92 1 1148
70 70.62 64.31 1 1179
70 70.14 64.31 1 1210
70 70.14 64.31 1 1241
70 69.19 65.10 1 1272
70 70.14 64.71 1 1303
70 70.14 64.71 1 1334
70 69.19 65.10 1 1366
70 71.10 63.92 1 1397
70 70.14 64.31 1 1428
70 70.62 64.31 1 1459
70 69.19 65.10 1 1490
70 69.66 64.71 1 1521
70 69.66 64.71 1 1552
70 69.66 64.71 1 1583
70 69.66 65.10 1 1614
70 69.66 65.10 1 1645
70 69.66 65.10 1 1676
70 69.66 65.10 1 1707
70 71.10 64.31 1 1738
70 70.62 64.31 1 1769
70 70.14 64.31 1 1800
70 69.66 64.71 1 1831
70 70.14 64.31 1 1862
70 70.14 64.31 1 1893
70 70.14 64.31 1 1924
70 69.19 65.10 1 1955
70 69.66 64.71 1 1986
70 69.19 65.10 1 2017
70 69.66 65.10 1 2048
70 70.62 64.71 1 2079
70 70.14 64.71 1 2110
70 69.66 65.10 1 2141
70 71.10 64.31 1 2172
70 70.62 64.31 1 2203
70 71.10 63.92 1 2234
70 70.14 64.31 1 2265
70 69.19 64.71 1 2296
70 69.66 64.71 1 2327
70 69.66 64.71 1 2358
70 69.66 64.71 1 2390
70 70.62 64.31 1 2421
70 70.62 63.92 1 2452
70 70.62 63.92 1 2483
70 68.73 65.10 1 2514
70 69.66 64.71 1 2545
70 69.19 65.10 1 2576
70 70.14 64.71 1 2607
70 70.14 64.71 1 2638
70 69.19 65.10 1 2669
70 69.66 65.10 1 2700
70 69.66 65.10 1 2731
70 71.59 63.92 1 2762
70 70.14 64.31 1 2793
70 70.14 64.31 1 2824
70 69.19 65.10 1 2855
70 70.14 64.71 1 2886
70 70.14 64.71 1 2917
70 70.62 64.31 1 2948
70 69.19 65.10 1 2979
70 69.66 65.10 1 3010