70 70.14 65.10 1 528
70 70.14 65.10 1 559
70 70.14 65.10 1 590
70 70.14 65.10 1 621
70 70.14 65.10 1 652
70 70.14 65.10 1 683
70 70.14 65.10 1 714
70 70.14 65.10 1 745
70 70.14 65.10 1 776
70 70.14 65.10 1 807
70 70.14 65.10 1 838
70 70.14 65.10 1 869
70 70.14 65.10 1 900
70 70.14 65.10 1 931
70 70.14 65.10 1 962
70 70.14 65.10 1 993
70 70.14 65.10 1 1024
70 70.14 65.10 1 1055
70 70.14 65.10 1 1086
70 70.14 65.10 1 1117
70 70.14 65.10 1 1148
70 70.14 65.10 1 1179
70 70.14 65.10 1 1210
70 70.14 65.10 1 1241
70 70.14 65.10 1 1272
70 70.14 65.10 1 1303
70 70.14 65.10 1 1334
70 70.14 65.10 1 1366
70 70.14 65.10 1 1397
70 70.14 65.10 1 1428
70 70.14 65.10 1 1459
70 70.14 65.10 1 1490
70 70.14 65.10 1 1521
70 70.14 65.10 1 1552
70 70.14 65.10 1 1583
70 70.14 65.10 1 1614
70 70.14 65.10 1 1645
70 70.14 65.10 1 1676
70 70.14 65.10 1 1707
70 70.14 65.10 1 1738
70 70.14 65.10 1 1769
70 70.14 65.10 1 1800
70 70.14 65.10 1 1831
70 70.14 65.10 1 1862
70 70.14 65.10 1 1893
70 70.14 65.10 1 1924
70 70.14 65.10 1 1955
70 70.14 65.10 1 1986
70 70.14 65.10 1 2017
70 70.14 65.10 1 2048
70 70.14 65.10 1 2079
70 70.14 65.10 1 2110
70 70.14 65.10 1 2141
70 70.14 65.10 1 2172
70 70.14 65.10 1 2203
70 70.14 65.10 1 2234
70 69.66 65.49 1 2265
70 70.62 65.10 1 2296
70 70.14 65.10 1 2327
70 70.14 65.10 1 2358
70 70.14 65.10 1 2390
70 70.14 65.10 1 2421
70 70.14 65.10 1 2452
70 70.14 65.10 1 2483
70 70.14 65.10 1 2514
70 70.14 65.10 1 2545
70 70.14 65.10 1 2576
70 70.14 65.10 1 2607
70 69.66 65.49 1 2638
70 70.14 65.10 1 2669
70 70.14 65.10 1 2700
70 70.14 65.10 1 2731
70 70.14 65.10 1 2762
70 70.14 65.10 1 2793
70 69.66 65.49 1 2824
70 70.62 65.10 1 2855
70 70.14 65.10 1 2886
70 70.14 65.10 1 2917
70 70.14 65.10 1 2948
70 70.14 65.10 1 2979
70 70.14 65.10 1 3010
70 70.14 65.10 1 3041
70 70.14 65.10 1 3072
70 69.66 65.49 1 3103
70 70.14 65.10 1 3134
70 70.14 65.10 1 3165
70 70.14 65.10 1 3196
70 70.14 65.10 1 3227
70 70.14 65.10 1 3258
70 70.14 65.10 1 3289
70 70.14 65.10 1 3320
70 70.14 65.10 1 3351
70 70.14 65.10 1 3382
70 69.66 65.49 1 3414
70 70.62 64.71 1 3445
70 69.66 65.49 1 3476
70 70.62 64.71 1 3507
70 69.66 65.10 1 3538
70 70.14 65.10 1 3569
70 70.14 65.10 1 3600
70 70.14 65.10 1 3631
70 69.66 65.49 1 3662
70 70.14 65.10 1 3693
70 70.14 65.10 1 3724
70 70.14 65.10 1 3755
70 70.14 65.10 1 3786
70 70.14 65.10 1 3817
70 70.14 65.10 1 3848
70 70.14 65.10 1 3879
70 70.14 65.10 1 3910
70 70.14 65.10 1 3941
70 70.14 65.10 1 3972
70 70.14 65.10 1 4003
70 70.14 65.10 1 4034
70 70.14 65.10 1 4065
70 70.14 65.10 1 4096
70 70.14 65.10 1 4127
70 69.66 65.49 1 4158
70 70.14 65.10 1 4189
70 70.14 65.10 1 4220
70 70.14 65.10 1 4251
70 70.14 65.10 1 4282
70 70.14 65.10 1 4313
70 70.14 65.10 1 4344
70 70.14 65.10 1 4375
70 70.14 65.10 1 4406
70 69.66 65.49 1 4438
70 70.62 64.71 1 4469
70 69.66 65.49 1 4500
70 70.14 65.10 1 4531
70 70.14 65.10 1 4562
70 70.14 65.10 1 4593
70 70.14 65.10 1 4624
70 70.14 65.10 1 4655
70 69.66 65.49 1 4686
70 70.14 65.10 1 4717
70 70.14 65.10 1 4748
70 70.14 65.10 1 4779
70 70.14 65.10 1 4810
70 69.66 65.49 1 4841
70 70.14 65.10 1 4872
70 70.14 65.10 1 4903
70 70.14 65.10 1 4934
70 70.14 65.10 1 4965
70 70.14 65.10 1 4996
70 70.14 65.10 1 5027
70 70.14 65.10 1 5058
70 70.14 65.10 1 5089
70 70.14 65.10 1 5120
70 69.66 65.49 1 5151
70 70.14 65.10 1 5182
70 69.66 65.49 1 5213
70 70.62 65.10 1 5244
70 70.14 65.10 1 5275
70 70.14 65.10 1 5306
70 70.14 65.10 1 5337
70 70.14 65.10 1 5368
70 70.14 65.10 1 5399
70 70.14 65.10 1 5430
70 69.66 65.49 1 5462
70 70.62 64.71 1 5493
70 69.66 65.49 1 5524
70 70.62 64.71 1 5555
70 69.66 65.10 1 5586
70 70.14 65.10 1 5617
70 70.14 65.10 1 5648
70 70.14 65.10 1 5679
70 69.66 65.10 1 5710
70 69.66 65.49 1 5741
70 70.14 65.10 1 5772
70 70.14 65.10 1 5803
70 70.14 65.10 1 5834
70 70.14 65.10 1 5865
70 70.14 65.10 1 5896
70 70.14 65.10 1 5927
70 70.14 65.10 1 5958
70 70.14 65.10 1 5989
70 70.14 65.10 1 6020
70 69.66 65.49 1 6051
70 70.14 65.10 1 6082
70 70.14 65.10 1 6113
70 70.14 65.10 1 6144
70 69.66 65.49 1 6175
70 70.14 65.10 1 6206
70 69.66 65.49 1 6237
70 70.62 64.71 1 6268
70 69.66 65.49 1 6299
70 70.14 65.10 1 6330