35 0.05 30.59 1 31
35 24.99 30.59 1 62
35 32.65 30.59 1 93
35 34.14 30.59 1 124
35 34.53 30.59 1 155
35 34.72 30.59 1 186
35 34.92 30.59 1 217
35 35.11 30.59 1 248
35 35.11 30.59 1 279
35 35.31 30.59 1 310
35 35.11 30.59 1 342
35 35.31 30.59 1 373
35 35.11 30.59 1 404
35 35.11 30.59 1 435
35 35.31 30.59 1 466
35 35.31 30.59 1 497
35 35.31 30.59 1 528
35 35.31 30.59 1 559
35 35.11 30.59 1 590
35 35.31 30.59 1 621
35 35.31 30.59 1 652
35 35.31 30.59 1 683
35 35.31 30.59 1 714
35 35.11 30.59 1 745
35 35.11 30.59 1 776
35 35.31 30.59 1 807
35 35.31 30.59 1 838
35 35.31 30.59 1 869
35 35.31 30.59 1 900
35 35.31 30.59 1 931
35 35.31 30.59 1 962
35 35.31 30.59 1 993
35 35.31 30.59 1 1024
35 35.31 30.59 1 1055
35 35.31 30.59 1 1086
35 35.31 30.59 1 1117
35 35.31 30.59 1 1148
35 35.31 30.59 1 1179
35 35.31 30.59 1 1210
35 35.31 30.59 1 1241
35 35.31 30.59 1 1272
35 35.31 30.59 1 1303
35 35.51 30.59 1 1334
35 35.31 30.59 1 1366
35 35.31 30.59 1 1397
35 35.31 30.59 1 1428
35 35.31 30.59 1 1459
35 35.31 30.59 1 1490
35 35.31 30.59 1 1521
35 35.31 30.59 1 1552
35 35.31 30.59 1 1583
35 35.11 30.59 1 1614
35 35.31 30.59 1 1645
35 35.31 30.59 1 1676
35 35.31 30.59 1 1707
35 35.31 30.59 1 1738
35 35.31 30.59 1 1769
35 35.11 30.59 1 1800
35 35.51 30.59 1 1831
35 35.51 30.59 1 1862
35 35.31 30.59 1 1893
35 35.31 30.59 1 1924
35 35.31 30.59 1 1955
35 35.31 30.59 1 1986
35 35.31 30.59 1 2017
35 35.31 30.59 1 2048
35 35.11 30.59 1 2079
35 35.31 30.59 1 2110
35 35.31 30.59 1 2141
35 35.31 30.59 1 2172
35 35.31 30.59 1 2203
35 35.31 30.59 1 2234
35 35.31 30.59 1 2265
35 35.31 30.59 1 2296
35 35.31 30.59 1 2327
35 35.31 30.59 1 2358
35 35.31 30.59 1 2390
35 35.31 30.59 1 2421
35 35.31 30.59 1 2452
35 35.31 30.59 1 2483
35 35.31 30.59 1 2514
35 35.31 30.59 1 2545
35 35.31 30.59 1 2576
35 35.31 30.59 1 2607
35 35.11 30.59 1 2638
35 35.11 30.59 1 2669
35 35.31 30.59 1 2700
35 35.31 30.59 1 2731
35 35.31 30.59 1 2762
35 35.31 30.59 1 2793
35 35.31 30.59 1 2824
35 35.31 30.59 1 2855
35 35.31 30.59 1 2886
35 35.31 30.59 1 2917
35 35.31 30.59 1 2948
35 35.31 30.59 1 2979
35 35.31 30.59 1 3010
35 35.31 30.59 1 3041
35 35.31 30.59 1 3072
35 35.31 30.59 1 3103
35 35.11 30.59 1 3134
35 35.11 30.59 1 3165
35 35.31 30.59 1 3196
35 35.31 30.59 1 3227
35 35.31 30.59 1 3258
35 35.31 30.59 1 3289
35 35.31 30.59 1 3320
35 35.31 30.59 1 3351
35 35.31 30.59 1 3382
35 35.31 30.59 1 3414
35 35.31 30.59 1 3445
35 35.31 30.59 1 3476
35 35.31 30.59 1 3507
35 35.31 30.59 1 3538
35 35.31 30.59 1 3569
35 35.31 30.59 1 3600
35 35.31 30.59 1 3631
35 35.11 30.59 1 3662
35 35.31 30.59 1 3693
35 35.31 30.59 1 3724
35 35.31 30.59 1 3755
35 35.31 30.59 1 3786
35 35.31 30.59 1 3817
35 35.31 30.59 1 3848
35 35.31 30.59 1 3879
35 35.31 30.59 1 3910
35 35.31 30.59 1 3941
35 35.31 30.59 1 3972
35 35.11 30.59 1 4003
35 35.31 30.59 1 4034
35 35.31 30.59 1 4065
35 35.31 30.59 1 4096
35 35.31 30.59 1 4127
35 35.31 30.59 1 4158
35 35.31 30.59 1 4189
35 35.31 30.59 1 4220
35 35.31 30.59 1 4251
35 35.31 30.59 1 4282
35 35.31 30.59 1 4313
35 35.31 30.59 1 4344
35 35.31 30.59 1 4375
35 35.31 30.59 1 4406
35 35.11 30.59 1 4438
35 35.31 30.59 1 4469
35 35.31 30.59 1 4500
35 35.31 30.59 1 4531
35 35.31 30.59 1 4562
35 35.31 30.59 1 4593
35 35.31 30.59 1 4624
35 35.31 30.59 1 4655
70 35.31 63.92 1 4686
70 66.46 63.92 1 4717
70 68.27 63.92 1 4748
70 68.73 63.92 1 4779
70 68.73 63.92 1 4810
70 68.73 63.92 1 4841
70 68.73 63.92 1 4872
70 69.19 63.92 1 4903
70 69.19 63.92 1 4934
70 69.19 63.92 1 4965
70 69.19 63.92 1 4996
70 68.73 63.92 1 5027
70 69.19 63.92 1 5058
70 69.19 63.92 1 5089
70 69.19 63.92 1 5120
70 68.73 63.92 1 5151
70 68.73 63.92 1 5182
70 68.73 63.92 1 5213
70 69.19 63.92 1 5244
70 69.19 63.92 1 5275
70 69.19 63.92 1 5306
70 68.73 63.92 1 5337
70 69.19 63.92 1 5368
70 69.19 63.92 1 5399
70 69.19 63.92 1 5430
70 68.73 63.92 1 5462
70 69.19 63.92 1 5493
70 69.19 63.92 1 5524
70 69.19 63.92 1 5555
70 69.19 63.92 1 5586
70 68.73 63.92 1 5617
70 69.19 63.92 1 5648
70 69.19 63.92 1 5679
70 68.73 63.92 1 5710
70 68.73 63.92 1 5741
70 68.73 63.92 1 5772
70 68.73 63.92 1 5803
70 68.73 63.92 1 5834
70 68.73 63.92 1 5865
70 68.73 63.92 1 5896
70 69.19 63.92 1 5927
70 69.19 63.92 1 5958
70 69.19 63.92 1 5989
70 69.19 63.92 1 6020
70 68.73 63.92 1 6051
70 68.73 63.92 1 6082
70 69.19 63.92 1 6113
70 69.19 63.92 1 6144
70 68.73 63.92 1 6175
70 68.73 63.92 1 6206
70 68.73 63.92 1 6237
70 69.19 63.92 1 6268
70 68.73 63.92 1 6299
70 68.73 63.92 1 6330
70 69.19 63.92 1 6361
70 69.19 63.92 1 6392
70 69.19 63.92 1 6423
70 69.19 63.92 1 6454
70 68.73 63.92 1 6486
70 68.73 63.92 1 6517
70 69.19 63.92 1 6548
70 69.19 63.92 1 6579
70 68.73 63.92 1 6610
70 68.73 63.92 1 6641
70 69.19 63.92 1 6672
70 68.73 63.92 1 6703
70 68.73 63.92 1 6734
70 68.27 63.92 1 6765
70 68.27 63.92 1 6796
70 67.81 63.92 1 6827
70 67.35 63.92 1 6858
70 67.35 63.92 1 6889
70 66.91 63.92 1 6920
70 66.46 63.92 1 6951
70 66.02 63.92 1 6982
70 65.58 63.92 1 7013
70 65.15 63.92 1 7044
70 64.72 63.92 1 7075
70 64.29 63.92 1 7106
70 63.87 63.92 1 7137
70 63.45 63.92 1 7168
70 63.03 63.92 1 7199
70 62.62 63.92 1 7230
70 62.22 63.92 1 7261
70 61.81 63.92 1 7292
70 61.41 63.92 1 7323
70 60.62 63.92 1 7354
70 60.23 63.92 1 7385
70 59.46 63.92 1 7416
70 59.08 63.92 1 7447
70 58.70 63.92 1 7478
70 58.32 63.92 1 7510
70 57.95 63.92 1 7541
70 57.58 63.92 1 7572
70 57.22 63.92 1 7603
70 56.50 63.92 1 7634
70 56.14 63.92 1 7665
70 55.79 63.92 1 7696
70 55.09 63.92 1 7727
70 54.06 63.92 1 7758
70 53.39 63.92 1 7789
70 52.40 63.92 1 7820
70 51.44 63.92 1 7851
70 50.50 63.92 1 7882
70 49.28 63.92 1 7913
70 48.39 63.92 1 7944
70 49.28 63.92 1 7975
70 50.81 63.92 1 8006
70 51.44 63.92 1 8037
70 51.76 63.92 1 8068
70 52.08 63.92 1 8099
70 52.73 63.92 1 8130
70 53.39 63.92 1 8161
70 54.06 63.92 1 8192
70 54.40 63.92 1 8223
70 55.09 63.92 1 8254
70 55.79 63.92 1 8285
70 56.50 63.92 1 8316
70 57.22 63.92 1 8347
70 57.58 63.92 1 8378
70 58.32 63.92 1 8409
70 58.70 63.92 1 8440
70 59.08 63.92 1 8471
70 59.08 63.92 1 8502
70 59.08 63.92 1 8534
70 59.46 63.92 1 8565
70 59.46 63.92 1 8596
70 59.46 63.92 1 8627
70 59.46 63.92 1 8658
70 59.46 63.92 1 8689
70 59.84 63.92 1 8720
70 59.84 63.92 1 8751
70 59.46 63.92 1 8782
70 59.46 63.92 1 8813
70 59.46 63.92 1 8844
70 59.46 63.92 1 8875
70 59.46 63.92 1 8906
70 59.46 63.92 1 8937
70 59.46 63.92 1 8968
70 59.46 63.92 1 8999
70 59.84 63.92 1 9030
70 59.46 63.92 1 9061
70 59.46 63.92 1 9092
70 59.46 63.92 1 9123
70 59.46 63.92 1 9154
70 59.46 63.92 1 9185
70 59.84 63.92 1 9216
70 59.46 63.92 1 9247
70 59.46 63.92 1 9278
70 59.46 63.92 1 9309
70 59.46 63.92 1 9340
70 59.46 63.92 1 9371
70 59.46 63.92 1 9402
70 59.46 63.92 1 9433
70 59.46 63.92 1 9464
70 59.84 63.92 1 9495
70 59.84 63.92 1 9526
70 59.46 63.92 1 9558
70 59.84 63.92 1 9589
70 59.46 63.92 1 9620
70 59.46 63.92 1 9651
70 59.46 63.92 1 9682
70 59.46 63.92 1 9713
70 59.46 63.92 1 9744
70 59.46 63.92 1 9775
70 59.46 63.92 1 9806
70 59.46 63.92 1 9837
70 59.46 63.92 1 9868
70 59.46 63.92 1 9899
70 59.46 63.92 1 9930
70 59.46 63.92 1 9961
70 59.46 63.92 1 9992
70 59.84 63.92 1 10023
70 59.84 63.92 1 10054
70 59.46 63.92 1 10085
70 59.46 63.92 1 10116
70 59.46 63.92 1 10147
70 59.46 63.92 1 10178
70 59.46 63.92 1 10209
70 59.46 63.92 1 10240
70 59.46 63.92 1 10271
70 59.46 63.92 1 10302
70 59.46 63.92 1 10333
70 59.46 63.92 1 10364
70 59.46 63.92 1 10395
70 59.08 63.92 1 10426
70 59.08 63.92 1 10457
70 59.08 63.92 1 10488
70 59.08 63.92 1 10519
70 59.08 63.92 1 10550
70 58.70 63.92 1 10582
70 58.70 63.92 1 10613
70 58.32 63.92 1 10644
70 57.95 63.92 1 10675
70 57.58 63.92 1 10706
70 56.86 63.92 1 10737
70 56.50 63.92 1 10768
70 55.79 63.92 1 10799
70 55.09 63.92 1 10830
70 54.40 63.92 1 10861
70 53.72 63.92 1 10892
70 53.06 63.92 1 10923
70 52.73 63.92 1 10954
70 52.08 63.92 1 10985
70 51.76 63.92 1 11016
70 51.44 63.92 1 11047
70 51.44 63.92 1 11078
70 51.13 63.92 1 11109
70 50.81 63.92 1 11140
70 50.50 63.92 1 11171
70 50.50 63.92 1 11202
70 50.19 63.92 1 11233
70 50.19 63.92 1 11264
70 50.19 63.92 1 11295
70 50.19 63.92 1 11326
70 50.19 63.92 1 11357
70 49.89 63.92 1 11388
70 49.58 63.92 1 11419
70 48.98 63.92 1 11450
70 48.98 63.92 1 11481
70 48.69 63.92 1 11512
70 48.69 63.92 1 11543
70 48.69 63.92 1 11574
70 48.98 63.92 1 11606
70 49.58 63.92 1 11637
70 50.19 63.92 1 11668
70 50.50 63.92 1 11699
70 50.19 63.92 1 11730
70 50.50 63.92 1 11761
70 51.44 63.92 1 11792
70 53.06 63.92 1 11823
70 54.40 63.92 1 11854
70 55.79 63.92 1 11885
70 56.50 63.92 1 11916
70 56.86 63.92 1 11947
70 57.58 63.92 1 11978
70 58.70 63.92 1 12009
70 59.84 63.92 1 12040
70 60.62 63.92 1 12071
70 62.22 63.92 1 12102
70 63.03 63.92 1 12133
70 64.29 63.92 1 12164
70 65.58 63.92 1 12195
70 66.46 63.92 1 12226
70 67.35 63.92 1 12257
70 67.81 63.92 1 12288
70 68.73 63.92 1 12319
70 69.19 63.92 1 12350
70 68.73 63.92 1 12381
70 69.19 63.92 1 12412
70 69.19 63.92 1 12443
70 68.73 63.92 1 12474
70 69.19 63.92 1 12505
70 68.73 63.92 1 12536
70 68.73 63.92 1 12567
70 68.73 63.92 1 12598
70 68.73 63.92 1 12630
70 68.73 63.92 1 12661
70 68.73 63.92 1 12692
70 68.73 63.92 1 12723
70 68.73 63.92 1 12754
70 68.73 63.92 1 12785
70 68.73 63.92 1 12816
70 68.73 63.92 1 12847
70 68.73 63.92 1 12878
70 68.73 63.92 1 12909
70 68.73 63.92 1 12940
70 68.73 63.92 1 12971
70 68.73 63.92 1 13002
70 69.19 63.92 1 13033
70 68.73 63.92 1 13064
70 68.73 63.92 1 13095
70 68.73 63.92 1 13126
70 68.73 63.92 1 13157
70 68.73 63.92 1 13188
70 68.73 63.92 1 13219
70 68.73 63.92 1 13250
70 68.73 63.92 1 13281
70 68.73 63.92 1 13312
70 68.73 63.92 1 13343
70 68.73 63.92 1 13374
70 68.73 63.92 1 13405
70 68.73 63.92 1 13436
70 68.73 63.92 1 13467
70 69.19 63.92 1 13498
70 69.19 63.92 1 13529
70 68.73 63.92 1 13560
70 68.73 63.92 1 13591
70 68.73 63.92 1 13622
70 68.73 63.92 1 13654
70 68.73 63.92 1 13685
70 68.73 63.92 1 13716
70 68.73 63.92 1 13747
70 68.73 63.92 1 13778
70 68.73 63.92 1 13809
70 68.73 63.92 1 13840
70 68.73 63.92 1 13871
70 68.73 63.92 1 13902
70 68.73 63.92 1 13933
70 68.73 63.92 1 13964
70 68.73 63.92 1 13995
70 69.19 63.92 1 14026
70 69.19 63.92 1 14057
70 69.19 63.92 1 14088
70 68.73 63.92 1 14119
70 68.73 63.92 1 14150
70 68.73 63.92 1 14181
70 68.73 63.92 1 14212
70 68.73 63.92 1 14243
70 68.73 63.92 1 14274
70 68.73 63.92 1 14305
70 68.73 63.92 1 14336
70 69.19 63.92 1 14367
70 68.73 63.92 1 14398
70 68.73 63.92 1 14429
70 68.73 63.92 1 14460
70 69.19 63.92 1 14491
70 68.73 63.92 1 14522
70 69.19 63.92 1 14553
70 68.73 63.92 1 14584
70 68.73 63.92 1 14615
70 68.73 63.92 1 14646
70 68.73 63.92 1 14678
70 68.73 63.92 1 14709
70 68.73 63.92 1 14740
70 68.73 63.92 1 14771
70 68.73 63.92 1 14802
70 68.73 63.92 1 14833
70 68.73 63.92 1 14864
70 68.73 63.92 1 14895
70 68.73 63.92 1 14926
70 68.73 63.92 1 14957
70 68.73 63.92 1 14988
70 68.73 63.92 1 15019
70 68.73 63.92 1 15050
70 68.73 63.92 1 15081
70 69.19 63.92 1 15112
70 68.73 63.92 1 15143
70 68.73 63.92 1 15174
70 68.73 63.92 1 15205
70 68.73 63.92 1 15236
70 68.73 63.92 1 15267
70 68.73 63.92 1 15298
70 68.73 63.92 1 15329
70 68.73 63.92 1 15360
70 69.19 63.92 1 15391
70 68.73 63.92 1 15422
70 68.73 63.92 1 15453
70 68.73 63.92 1 15484
70 68.73 63.92 1 15515
35 68.73 30.59 1 15546
35 37.59 30.59 1 15577
35 35.92 30.59 1 15608
35 35.51 30.59 1 15639
35 35.31 30.59 1 15670
35 35.51 30.59 1 15702
35 35.31 30.59 1 15733
35 35.31 30.59 1 15764
35 35.31 30.59 1 15795
35 35.31 30.59 1 15826
35 35.31 30.59 1 15857
35 35.11 30.59 1 15888
35 35.11 30.59 1 15919
35 35.31 30.59 1 15950
35 35.31 30.59 1 15981
35 35.31 30.59 1 16012
35 35.31 30.59 1 16043
35 35.31 30.59 1 16074
35 35.31 30.59 1 16105
35 35.31 30.59 1 16136
35 35.11 30.59 1 16167
35 35.11 30.59 1 16198
35 35.11 30.59 1 16229
35 35.11 30.59 1 16260
35 35.31 30.59 1 16291
35 35.31 30.59 1 16322
35 35.31 30.59 1 16353
35 35.11 30.59 1 16384
35 35.31 30.59 1 16415
35 35.31 30.59 1 16446
35 35.31 30.59 1 16477
35 35.11 30.59 1 16508
35 35.11 30.59 1 16539
35 35.11 30.59 1 16570
35 35.31 30.59 1 16601
35 35.11 30.59 1 16632
35 35.11 30.59 1 16663
35 35.11 30.59 1 16694
35 35.31 30.59 1 16726
35 35.11 30.59 1 16757
35 35.11 30.59 1 16788
35 35.11 30.59 1 16819
35 35.11 30.59 1 16850
35 34.92 30.59 1 16881
35 34.53 30.59 1 16912
35 34.33 30.59 1 16943
35 34.14 30.59 1 16974
35 33.95 30.59 1 17005
35 33.57 30.59 1 17036
35 33.39 30.59 1 17067
35 33.01 30.59 1 17098
35 32.65 30.59 1 17129
35 32.47 30.59 1 17160
35 31.93 30.59 1 17191
35 31.76 30.59 1 17222
35 31.58 30.59 1 17253
35 31.23 30.59 1 17284
35 30.89 30.59 1 17315
35 30.38 30.59 1 17346
35 29.89 30.59 1 17377
35 29.24 30.59 1 17408
35 28.76 30.59 1 17439
35 28.30 30.59 1 17470
35 27.54 30.59 1 17501
35 26.80 30.59 1 17532
35 26.09 30.59 1 17563
35 25.26 30.59 1 17594
35 24.72 30.59 1 17625
35 26.09 30.59 1 17656
35 28.92 30.59 1 17687
35 31.23 30.59 1 17718
35 33.01 30.59 1 17750
35 34.33 30.59 1 17781
35 35.51 30.59 1 17812
35 36.74 30.59 1 17843
35 38.02 30.59 1 17874
35 39.13 30.59 1 17905
35 40.04 30.59 1 17936
35 40.98 30.59 1 17967
35 41.71 30.59 1 17998
35 42.20 30.59 1 18029
35 42.95 30.59 1 18060
35 43.46 30.59 1 18091
35 43.97 30.59 1 18122
35 44.76 30.59 1 18153
35 45.03 30.59 1 18184
35 45.57 30.59 1 18215
35 45.84 30.59 1 18246
35 46.12 30.59 1 18277
35 46.39 30.59 1 18308
35 46.39 30.59 1 18339
35 46.67 30.59 1 18370
35 46.67 30.59 1 18401
35 46.67 30.59 1 18432
35 46.67 30.59 1 18463
35 46.67 30.59 1 18494
35 46.67 30.59 1 18525
35 46.67 30.59 1 18556
35 46.67 30.59 1 18587
35 46.67 30.59 1 18618
35 46.67 30.59 1 18649
35 46.67 30.59 1 18680
35 46.67 30.59 1 18711
35 46.67 30.59 1 18742
35 46.67 30.59 1 18774
35 46.67 30.59 1 18805
35 46.67 30.59 1 18836
35 46.67 30.59 1 18867
35 46.67 30.59 1 18898
35 46.67 30.59 1 18929
35 46.67 30.59 1 18960
35 46.67 30.59 1 18991
35 46.67 30.59 1 19022
35 46.67 30.59 1 19053
35 46.67 30.59 1 19084
35 46.67 30.59 1 19115
35 46.67 30.59 1 19146
35 46.67 30.59 1 19177
35 46.67 30.59 1 19208
35 46.67 30.59 1 19239
35 46.67 30.59 1 19270
35 46.67 30.59 1 19301
35 46.67 30.59 1 19332
35 46.67 30.59 1 19363
35 46.67 30.59 1 19394
35 46.67 30.59 1 19425
35 46.67 30.59 1 19456
35 46.67 30.59 1 19487
35 46.67 30.59 1 19518
35 46.67 30.59 1 19549
35 46.67 30.59 1 19580
35 46.67 30.59 1 19611
35 46.67 30.59 1 19642
35 46.67 30.59 1 19673
35 46.67 30.59 1 19704
35 46.67 30.59 1 19735
35 46.67 30.59 1 19766
35 46.67 30.59 1 19798
35 46.67 30.59 1 19829
35 46.67 30.59 1 19860
35 46.67 30.59 1 19891
35 46.67 30.59 1 19922
35 46.67 30.59 1 19953
35 46.67 30.59 1 19984
35 46.67 30.59 1 20015
35 46.67 30.59 1 20046
35 46.67 30.59 1 20077
35 46.67 30.59 1 20108
35 46.67 30.59 1 20139
35 46.67 30.59 1 20170
35 46.67 30.59 1 20201
35 46.67 30.59 1 20232
35 46.67 30.59 1 20263
35 46.67 30.59 1 20294
35 46.67 30.59 1 20325
35 46.67 30.59 1 20356
35 46.67 30.59 1 20387
35 46.67 30.59 1 20418
35 46.67 30.59 1 20449
35 46.67 30.59 1 20480
35 46.67 30.59 1 20511
35 46.67 30.59 1 20542
35 46.67 30.59 1 20573
35 46.67 30.59 1 20604
35 46.67 30.59 1 20635
35 46.67 30.59 1 20666
35 46.67 30.59 1 20697
35 46.67 30.59 1 20728
35 46.67 30.59 1 20759
35 46.67 30.59 1 20790
35 46.67 30.59 1 20822
35 46.67 30.59 1 20853
35 46.67 30.59 1 20884
35 46.67 30.59 1 20915
35 46.67 30.59 1 20946
35 46.67 30.59 1 20977
35 46.67 30.59 1 21008
35 46.67 30.59 1 21039
35 46.67 30.59 1 21070
35 46.67 30.59 1 21101
35 46.67 30.59 1 21132
35 46.67 30.59 1 21163
35 46.67 30.59 1 21194
35 46.67 30.59 1 21225
35 46.67 30.59 1 21256
35 46.39 30.59 1 21287
35 46.39 30.59 1 21318
35 46.39 30.59 1 21349
35 46.12 30.59 1 21380
35 46.12 30.59 1 21411
35 45.57 30.59 1 21442
35 45.30 30.59 1 21473
35 44.50 30.59 1 21504
35 43.97 30.59 1 21535
35 43.20 30.59 1 21566
35 42.45 30.59 1 21597
35 41.46 30.59 1 21628
35 40.75 30.59 1 21659
35 39.81 30.59 1 21690
35 38.68 30.59 1 21721
35 37.80 30.59 1 21752
35 36.74 30.59 1 21783
35 35.71 30.59 1 21814
35 34.92 30.59 1 21846
35 33.76 30.59 1 21877
35 32.83 30.59 1 21908
35 31.58 30.59 1 21939
35 30.38 30.59 1 21970
35 29.40 30.59 1 22001
35 28.45 30.59 1 22032
35 27.69 30.59 1 22063
35 27.24 30.59 1 22094
35 26.95 30.59 1 22125
35 26.66 30.59 1 22156
35 26.51 30.59 1 22187
35 26.37 30.59 1 22218
35 26.23 30.59 1 22249
35 26.23 30.59 1 22280
35 26.23 30.59 1 22311
35 26.37 30.59 1 22342
35 26.66 30.59 1 22373
35 27.39 30.59 1 22404
35 28.30 30.59 1 22435
35 28.61 30.59 1 22466
35 28.61 30.59 1 22497
35 28.61 30.59 1 22528
35 28.61 30.59 1 22559
35 28.61 30.59 1 22590
35 28.61 30.59 1 22621
35 28.61 30.59 1 22652
35 28.61 30.59 1 22683
35 28.61 30.59 1 22714
35 28.61 30.59 1 22745
35 28.61 30.59 1 22776
35 28.61 30.59 1 22807
35 28.61 30.59 1 22838
35 28.61 30.59 1 22870
35 28.61 30.59 1 22901
35 28.61 30.59 1 22932
35 28.61 30.59 1 22963
35 28.61 30.59 1 22994
35 28.61 30.59 1 23025
35 28.61 30.59 1 23056
35 28.61 30.59 1 23087
35 28.61 30.59 1 23118
35 28.61 30.59 1 23149
35 28.61 30.59 1 23180
35 28.61 30.59 1 23211
35 28.61 30.59 1 23242
35 28.61 30.59 1 23273
35 28.61 30.59 1 23304
35 28.61 30.59 1 23335
35 28.61 30.59 1 23366
35 28.76 30.59 1 23397
35 28.92 30.59 1 23428
35 29.40 30.59 1 23459
35 29.89 30.59 1 23490
35 30.55 30.59 1 23521
35 31.23 30.59 1 23552
35 31.76 30.59 1 23583
35 32.29 30.59 1 23614
35 33.01 30.59 1 23645
35 33.76 30.59 1 23676
35 34.33 30.59 1 23707
35 34.92 30.59 1 23738
35 35.11 30.59 1 23769
35 35.31 30.59 1 23800
35 35.31 30.59 1 23831
35 35.31 30.59 1 23862
35 35.31 30.59 1 23894
35 35.11 30.59 1 23925
35 35.11 30.59 1 23956
35 35.11 30.59 1 23987
35 35.31 30.59 1 24018
35 35.31 30.59 1 24049
35 35.31 30.59 1 24080
35 35.31 30.59 1 24111
35 35.11 30.59 1 24142
35 35.31 30.59 1 24173
35 35.31 30.59 1 24204
35 35.31 30.59 1 24235
35 35.11 30.59 1 24266