35 0.06 30.59 1 31
35 25.12 30.59 1 62
35 32.83 30.59 1 93
35 34.14 30.59 1 124
35 34.72 30.59 1 155
35 34.92 30.59 1 186
35 34.92 30.59 1 217
35 35.11 30.59 1 248
35 35.31 30.59 1 279
35 35.31 30.59 1 310
35 35.31 30.59 1 342
35 35.31 30.59 1 373
35 35.31 30.59 1 404
35 35.31 30.59 1 435
35 35.31 30.59 1 466
35 35.51 30.59 1 497
35 35.51 30.59 1 528
35 35.51 30.59 1 559
35 35.31 30.59 1 590
35 35.31 30.59 1 621
35 35.31 30.59 1 652
35 35.51 30.59 1 683
35 35.31 30.59 1 714
35 35.31 30.59 1 745
35 35.31 30.59 1 776
35 35.51 30.59 1 807
35 35.51 30.59 1 838
35 35.51 30.59 1 869
35 35.31 30.59 1 900
35 35.31 30.59 1 931
35 35.51 30.59 1 962
35 35.51 30.59 1 993
35 35.51 30.59 1 1024
35 35.31 30.59 1 1055
35 35.31 30.59 1 1086
35 35.31 30.59 1 1117
35 35.31 30.59 1 1148
35 35.31 30.59 1 1179
35 35.31 30.59 1 1210
35 35.31 30.59 1 1241
35 35.51 30.59 1 1272
35 35.51 30.59 1 1303
35 35.51 30.59 1 1334
35 35.31 30.59 1 1366
35 35.51 30.59 1 1397
35 35.31 30.59 1 1428
35 35.31 30.59 1 1459
35 35.51 30.59 1 1490
35 35.51 30.59 1 1521
35 35.51 30.59 1 1552
35 35.51 30.59 1 1583
35 35.31 30.59 1 1614
35 35.31 30.59 1 1645
35 35.31 30.59 1 1676
35 35.31 30.59 1 1707
35 35.31 30.59 1 1738
35 35.31 30.59 1 1769
35 35.31 30.59 1 1800
35 35.51 30.59 1 1831
35 35.51 30.59 1 1862
35 35.51 30.59 1 1893
35 35.51 30.59 1 1924
35 35.31 30.59 1 1955
35 35.51 30.59 1 1986
35 35.51 30.59 1 2017
35 35.51 30.59 1 2048
35 35.31 30.59 1 2079
35 35.31 30.59 1 2110
35 35.31 30.59 1 2141
35 35.51 30.59 1 2172
35 35.31 30.59 1 2203
35 35.31 30.59 1 2234
35 35.31 30.59 1 2265
35 35.51 30.59 1 2296
35 35.51 30.59 1 2327
35 35.51 30.59 1 2358
35 35.31 30.59 1 2390
35 35.51 30.59 1 2421
35 35.51 30.59 1 2452
35 35.51 30.59 1 2483
35 35.31 30.59 1 2514
35 35.51 30.59 1 2545
35 35.51 30.59 1 2576
35 35.51 30.59 1 2607
35 35.31 30.59 1 2638
35 35.31 30.59 1 2669
35 35.31 30.59 1 2700
35 35.31 30.59 1 2731
35 35.31 30.59 1 2762
35 35.31 30.59 1 2793
35 35.31 30.59 1 2824
35 35.51 30.59 1 2855
35 35.51 30.59 1 2886
35 35.51 30.59 1 2917
35 35.51 30.59 1 2948
35 35.31 30.59 1 2979
35 35.31 30.59 1 3010
35 35.31 30.59 1 3041
35 35.51 30.59 1 3072
35 35.31 30.59 1 3103
35 35.31 30.59 1 3134
35 35.31 30.59 1 3165
35 35.51 30.59 1 3196
35 35.51 30.59 1 3227
35 35.31 30.59 1 3258
35 35.31 30.59 1 3289
35 35.51 30.59 1 3320
35 35.51 30.59 1 3351
35 35.51 30.59 1 3382
35 35.31 30.59 1 3414
35 35.51 30.59 1 3445
35 35.31 30.59 1 3476
35 35.31 30.59 1 3507
35 35.31 30.59 1 3538
35 35.51 30.59 1 3569
35 35.31 30.59 1 3600
35 35.51 30.59 1 3631
35 35.31 30.59 1 3662
35 35.31 30.59 1 3693
35 35.31 30.59 1 3724
35 35.31 30.59 1 3755
35 35.51 30.59 1 3786
35 35.31 30.59 1 3817
35 35.31 30.59 1 3848
35 35.51 30.59 1 3879
35 35.51 30.59 1 3910
35 35.51 30.59 1 3941
35 35.51 30.59 1 3972
35 35.31 30.59 1 4003
35 35.31 30.59 1 4034
35 35.31 30.59 1 4065
35 35.31 30.59 1 4096
35 35.31 30.59 1 4127
35 35.31 30.59 1 4158
35 35.31 30.59 1 4189
35 35.51 30.59 1 4220
35 35.51 30.59 1 4251
35 35.51 30.59 1 4282
35 35.31 30.59 1 4313
35 35.31 30.59 1 4344
35 35.51 30.59 1 4375
35 35.51 30.59 1 4406
35 35.31 30.59 1 4438
35 35.51 30.59 1 4469
35 35.51 30.59 1 4500
35 35.51 30.59 1 4531
35 35.31 30.59 1 4562
35 35.31 30.59 1 4593
35 35.51 30.59 1 4624
35 35.51 30.59 1 4655
70 35.31 63.92 1 4686
70 66.46 63.92 1 4717
70 68.27 63.92 1 4748
70 68.73 63.92 1 4779
70 68.73 63.92 1 4810
70 68.73 63.92 1 4841
70 68.73 63.92 1 4872
70 69.19 63.92 1 4903
70 69.19 63.92 1 4934
70 69.19 63.92 1 4965
70 69.19 63.92 1 4996
70 69.19 63.92 1 5027
70 69.19 63.92 1 5058
70 69.19 63.92 1 5089
70 69.19 63.92 1 5120
70 68.73 63.92 1 5151
70 68.73 63.92 1 5182
70 68.73 63.92 1 5213
70 69.19 63.92 1 5244
70 69.19 63.92 1 5275
70 69.19 63.92 1 5306
70 69.19 63.92 1 5337
70 69.19 63.92 1 5368
70 69.19 63.92 1 5399
70 69.19 63.92 1 5430
70 68.73 63.92 1 5462
70 69.19 63.92 1 5493
70 69.19 63.92 1 5524
70 69.19 63.92 1 5555
70 69.19 63.92 1 5586
70 69.19 63.92 1 5617
70 69.19 63.92 1 5648
70 69.19 63.92 1 5679
70 68.73 63.92 1 5710
70 68.73 63.92 1 5741
70 68.73 63.92 1 5772
70 68.73 63.92 1 5803
70 69.19 63.92 1 5834
70 69.19 63.92 1 5865
70 69.19 63.92 1 5896
70 69.19 63.92 1 5927
70 69.19 63.92 1 5958
70 69.19 63.92 1 5989
70 69.19 63.92 1 6020
70 69.19 63.92 1 6051
70 69.19 63.92 1 6082
70 69.19 63.92 1 6113
70 69.19 63.92 1 6144
70 68.73 63.92 1 6175
70 68.73 63.92 1 6206
70 68.73 63.92 1 6237
70 69.19 63.92 1 6268
70 69.19 63.92 1 6299
70 69.19 63.92 1 6330
70 69.19 63.92 1 6361
70 69.19 63.92 1 6392
70 69.19 63.92 1 6423
70 69.19 63.92 1 6454
70 68.73 63.92 1 6486
70 69.19 63.92 1 6517
70 69.19 63.92 1 6548
70 69.19 63.92 1 6579
70 68.73 63.92 1 6610
70 69.19 63.92 1 6641
70 69.19 63.92 1 6672
70 69.19 63.92 1 6703
70 68.73 63.92 1 6734
70 68.73 63.92 1 6765
70 68.73 63.92 1 6796
70 68.73 63.92 1 6827
70 69.19 63.92 1 6858
70 69.19 63.92 1 6889
70 69.19 63.92 1 6920
70 69.19 63.92 1 6951
70 69.19 63.92 1 6982
70 69.19 63.92 1 7013
70 69.19 63.92 1 7044
70 68.73 63.92 1 7075
70 68.73 63.92 1 7106
70 68.73 63.92 1 7137
70 69.19 63.92 1 7168
70 68.73 63.92 1 7199
70 68.73 63.92 1 7230
70 68.73 63.92 1 7261
70 69.19 63.92 1 7292
70 69.19 63.92 1 7323
70 69.19 63.92 1 7354
70 69.19 63.92 1 7385
70 69.19 63.92 1 7416
70 69.19 63.92 1 7447
70 69.19 63.92 1 7478
70 68.73 63.92 1 7510
70 69.19 63.92 1 7541
70 69.19 63.92 1 7572
70 69.19 63.92 1 7603
70 68.73 63.92 1 7634
70 69.19 63.92 1 7665
70 69.19 63.92 1 7696
70 69.19 63.92 1 7727
70 68.73 63.92 1 7758
70 68.73 63.92 1 7789
70 68.73 63.92 1 7820
70 68.73 63.92 1 7851
70 69.19 63.92 1 7882
70 69.19 63.92 1 7913
70 68.73 63.92 1 7944
70 69.19 63.92 1 7975
70 69.19 63.92 1 8006
70 69.19 63.92 1 8037
70 69.19 63.92 1 8068
70 68.73 63.92 1 8099
70 68.73 63.92 1 8130
70 68.73 63.92 1 8161
70 69.19 63.92 1 8192
70 69.19 63.92 1 8223
70 68.73 63.92 1 8254
70 68.73 63.92 1 8285
70 69.19 63.92 1 8316
70 69.19 63.92 1 8347
70 69.19 63.92 1 8378
70 69.19 63.92 1 8409
70 68.73 63.92 1 8440
70 69.19 63.92 1 8471
70 69.19 63.92 1 8502
70 68.73 63.92 1 8534
70 69.19 63.92 1 8565
70 69.19 63.92 1 8596
70 69.19 63.92 1 8627
70 68.73 63.92 1 8658
70 68.73 63.92 1 8689
70 69.19 63.92 1 8720
70 69.19 63.92 1 8751
70 68.73 63.92 1 8782
70 68.73 63.92 1 8813
70 68.73 63.92 1 8844
70 68.73 63.92 1 8875
70 69.19 63.92 1 8906
70 68.73 63.92 1 8937
70 68.73 63.92 1 8968
70 69.19 63.92 1 8999
70 69.19 63.92 1 9030
70 69.19 63.92 1 9061
70 69.19 63.92 1 9092
70 68.73 63.92 1 9123
70 68.73 63.92 1 9154
70 68.73 63.92 1 9185
70 68.73 63.92 1 9216
70 69.19 63.92 1 9247
70 68.73 63.92 1 9278
70 68.73 63.92 1 9309
35 69.19 30.59 1 9340
35 37.80 30.59 1 9371
35 36.12 30.59 1 9402
35 35.71 30.59 1 9433
35 35.31 30.59 1 9464
35 35.31 30.59 1 9495
35 35.31 30.59 1 9526
35 35.31 30.59 1 9558
35 35.31 30.59 1 9589
35 35.31 30.59 1 9620
35 35.31 30.59 1 9651
35 35.31 30.59 1 9682
35 35.31 30.59 1 9713
35 35.11 30.59 1 9744
35 35.11 30.59 1 9775
35 35.31 30.59 1 9806
35 35.31 30.59 1 9837
35 35.11 30.59 1 9868
35 35.11 30.59 1 9899
35 35.31 30.59 1 9930
35 35.31 30.59 1 9961
35 35.31 30.59 1 9992
35 35.11 30.59 1 10023
35 35.31 30.59 1 10054
35 35.31 30.59 1 10085
35 35.31 30.59 1 10116
35 35.11 30.59 1 10147
35 35.11 30.59 1 10178
35 35.11 30.59 1 10209
35 35.11 30.59 1 10240
35 35.31 30.59 1 10271
35 35.31 30.59 1 10302
35 35.31 30.59 1 10333
35 35.31 30.59 1 10364
35 35.31 30.59 1 10395
35 35.31 30.59 1 10426
35 35.31 30.59 1 10457
35 35.11 30.59 1 10488
35 35.31 30.59 1 10519
35 35.31 30.59 1 10550
35 35.31 30.59 1 10582
35 35.31 30.59 1 10613
35 35.31 30.59 1 10644
35 35.31 30.59 1 10675
35 35.31 30.59 1 10706
35 35.31 30.59 1 10737
35 35.31 30.59 1 10768
35 35.11 30.59 1 10799
35 35.31 30.59 1 10830
35 35.31 30.59 1 10861
35 35.31 30.59 1 10892
35 35.31 30.59 1 10923
35 35.31 30.59 1 10954
35 35.31 30.59 1 10985
35 35.31 30.59 1 11016
35 35.31 30.59 1 11047
35 35.31 30.59 1 11078
35 35.31 30.59 1 11109
35 35.31 30.59 1 11140
35 35.31 30.59 1 11171
35 35.31 30.59 1 11202
35 35.31 30.59 1 11233
35 35.31 30.59 1 11264
35 35.31 30.59 1 11295
35 35.31 30.59 1 11326