35 10.83 36.47 0 31
35 35.92 14.90 0 62
35 19.15 39.61 0 93
35 40.98 17.25 0 124
35 21.98 41.96 0 155
35 44.50 16.47 0 186
35 21.86 44.31 0 217
35 46.95 15.29 0 248
35 20.73 46.67 0 279
35 48.98 13.73 0 310
35 19.15 49.41 0 342
35 51.44 11.37 0 373
35 17.14 52.16 0 404
35 54.06 8.24 0 435
35 13.80 56.47 0 466
35 57.95 3.92 0 497
35 9.92 61.18 0 528
35 62.22 0.00 0 559
35 4.71 68.24 0 590
35 69.66 0.00 0 621
35 5.12 71.37 0 652
35 72.58 0.00 0 683
35 4.93 74.12 0 714
35 74.61 0.00 0 745
35 5.32 74.90 0 776
35 75.66 0.00 0 807
35 5.46 75.69 0 838
35 76.19 0.00 0 869
35 5.49 76.08 0 900
35 77.81 0.00 0 931
35 5.43 76.86 0 962
35 77.81 0.00 0 993
35 5.49 77.25 0 1024
35 78.92 0.00 0 1055
35 5.43 77.65 0 1086
35 79.49 0.00 0 1117
35 5.12 78.43 0 1148
35 78.92 0.00 0 1179
35 5.60 77.65 0 1210
35 77.81 0.00 0 1241
35 5.16 78.04 0 1272
35 78.37 0.00 0 1303
35 5.53 77.65 0 1334
35 79.49 0.00 0 1366
35 5.12 78.43 0 1397
35 78.92 0.00 0 1428
35 5.60 77.65 0 1459
35 79.49 0.00 0 1490
35 5.49 78.04 0 1521
35 78.92 0.00 0 1552
35 5.53 77.65 0 1583
35 79.49 0.00 0 1614
35 5.46 78.04 0 1645
35 79.49 0.00 0 1676
35 5.49 78.04 0 1707
35 78.92 0.00 0 1738
35 5.53 77.65 0 1769
35 78.37 0.00 0 1800
35 5.09 78.04 0 1831
35 78.37 0.00 0 1862
35 5.53 77.65 0 1893
35 78.37 0.00 0 1924
35 5.22 78.04 0 1955
35 79.49 0.00 0 1986
35 5.49 78.04 0 2017
35 78.92 0.00 0 2048
35 5.19 78.04 0 2079
35 78.92 0.00 0 2110
35 5.43 78.04 0 2141
35 78.92 0.00 0 2172
35 5.56 77.65 0 2203
35 77.81 0.00 0 2234
35 5.53 77.25 0 2265
35 78.37 0.00 0 2296
35 5.49 77.65 0 2327
35 78.37 0.00 0 2358
35 5.19 78.04 0 2390
35 78.92 0.00 0 2421
35 5.56 77.65 0 2452
35 78.37 0.00 0 2483
35 5.22 78.04 0 2514
35 78.92 0.00 0 2545
35 5.49 77.65 0 2576
35 78.37 0.00 0 2607
35 5.19 78.04 0 2638
35 79.49 0.00 0 2669
35 5.46 78.04 0 2700
35 79.49 0.00 0 2731
35 5.16 78.43 0 2762
35 78.92 0.00 0 2793
35 5.53 78.04 0 2824
35 78.92 0.00 0 2855
35 5.53 77.65 0 2886
35 78.37 0.00 0 2917
35 5.56 77.25 0 2948
35 79.49 0.00 0 2979
35 5.46 78.04 0 3010
35 79.49 0.00 0 3041
35 5.49 78.04 0 3072
35 78.92 0.00 0 3103
35 5.46 78.04 0 3134
35 78.92 0.00 0 3165
35 5.09 78.43 0 3196
35 78.92 0.00 0 3227
35 5.56 78.04 0 3258
35 78.37 0.00 0 3289
35 5.19 78.04 0 3320
35 78.37 0.00 0 3351
35 5.49 77.65 0 3382
35 78.92 0.00 0 3414
35 5.09 78.43 0 3445
35 78.92 0.00 0 3476
35 5.56 77.65 0 3507
35 79.49 0.00 0 3538
35 5.49 78.04 0 3569
35 79.49 0.00 0 3600
35 5.49 78.04 0 3631
35 79.49 0.00 0 3662
35 5.43 78.43 0 3693
35 80.05 0.00 0 3724
35 5.46 78.43 0 3755
35 79.49 0.00 0 3786
35 5.60 78.04 0 3817
35 78.92 0.00 0 3848
35 5.16 78.43 0 3879
35 78.92 0.00 0 3910
35 5.53 77.65 0 3941
35 78.37 0.00 0 3972
35 5.19 78.04 0 4003
35 79.49 0.00 0 4034
35 5.49 78.04 0 4065
35 79.49 0.00 0 4096
35 5.16 78.82 0 4127
35 79.49 0.00 0 4158
35 5.46 78.43 0 4189
35 78.92 0.00 0 4220
35 5.56 77.65 0 4251
35 78.37 0.00 0 4282
35 5.56 77.25 0 4313
35 78.92 0.00 0 4344
35 5.49 77.65 0 4375
35 78.37 0.00 0 4406
35 5.19 77.65 0 4438
35 78.37 0.00 0 4469
35 5.53 77.65 0 4500
35 78.37 0.00 0 4531
35 5.22 78.04 0 4562
35 79.49 0.00 0 4593
35 5.49 78.04 0 4624
35 78.92 0.00 0 4655
70 5.19 100.00 0 4686
70 98.56 10.59 0 4717
70 18.85 100.00 0 4748
70 100.10 14.51 0 4779
70 22.10 100.00 0 4810
70 100.10 17.65 0 4841
70 25.53 100.00 0 4872
70 100.10 19.61 0 4903
70 27.54 100.00 0 4934
70 100.10 21.18 0 4965
70 29.24 100.00 0 4996
70 100.10 22.35 0 5027
70 30.38 100.00 0 5058
70 100.10 23.14 0 5089
70 31.06 100.00 0 5120
70 100.10 23.53 0 5151
70 31.58 100.00 0 5182
70 100.10 23.92 0 5213
70 31.58 100.00 0 5244
70 100.10 23.92 0 5275
70 31.76 100.00 0 5306
70 100.10 24.31 0 5337
70 32.11 100.00 0 5368
70 100.10 24.71 0 5399
70 32.65 100.00 0 5430
70 100.89 23.53 0 5462
70 31.41 100.00 0 5493
70 100.10 24.31 0 5524
70 31.93 100.00 0 5555
70 100.89 23.14 0 5586
70 31.23 100.00 0 5617
70 100.10 23.92 0 5648
70 31.93 100.00 0 5679
70 100.10 24.31 0 5710
70 32.65 100.00 0 5741
70 100.10 24.71 0 5772
70 32.83 100.00 0 5803
70 100.10 24.71 0 5834
70 32.47 100.00 0 5865
70 100.10 24.71 0 5896
70 32.29 100.00 0 5927
70 100.10 24.71 0 5958
70 32.47 100.00 0 5989
70 100.10 24.71 0 6020
70 32.47 100.00 0 6051
70 100.10 24.71 0 6082
70 32.65 100.00 0 6113
70 100.10 24.71 0 6144
70 32.11 100.00 0 6175
70 100.10 24.31 0 6206
70 32.29 100.00 0 6237
70 100.10 24.71 0 6268
70 32.47 100.00 0 6299
70 100.10 24.71 0 6330
70 32.29 100.00 0 6361
70 100.10 24.31 0 6392
70 32.11 100.00 0 6423
70 100.10 24.31 0 6454
70 31.93 100.00 0 6486
70 100.10 24.31 0 6517
70 32.11 100.00 0 6548
70 100.10 24.31 0 6579
70 32.11 100.00 0 6610
70 100.10 24.31 0 6641
70 32.47 100.00 0 6672
70 100.10 24.71 0 6703
70 32.29 100.00 0 6734
70 100.10 24.71 0 6765
70 32.65 100.00 0 6796
70 100.10 24.71 0 6827
70 32.11 100.00 0 6858
70 100.10 24.31 0 6889
70 31.93 100.00 0 6920
70 100.10 24.31 0 6951
70 32.29 100.00 0 6982
70 100.10 24.31 0 7013
70 32.29 100.00 0 7044
70 100.10 24.71 0 7075
70 32.83 100.00 0 7106
70 100.10 24.71 0 7137
70 32.83 100.00 0 7168