35 10.77 30.59 0 31
35 30.22 19.22 0 62
35 22.57 31.76 0 93
35 33.95 23.92 0 124
35 27.69 32.55 0 155
35 35.71 26.27 0 186
35 30.38 32.55 0 217
35 36.33 27.84 0 248
35 32.11 32.55 0 279
35 36.33 28.63 0 310
35 33.01 32.16 0 342
35 35.92 29.41 0 373
35 33.57 32.16 0 404
35 36.12 29.80 0 435
35 34.33 31.37 0 466
35 35.71 29.80 0 497
35 34.14 31.37 0 528
35 35.51 30.20 0 559
35 34.72 30.98 0 590
35 35.31 30.20 0 621
35 34.72 30.98 0 652
35 35.51 30.20 0 683
35 34.53 30.98 0 714
35 35.31 30.20 0 745
35 34.53 30.98 0 776
35 35.11 30.59 0 807
35 34.72 30.98 0 838
35 34.92 30.98 0 869
35 35.11 30.59 0 900
35 35.11 30.59 0 931
35 35.11 30.59 0 962
35 35.11 30.59 0 993
35 35.11 30.59 0 1024
35 35.11 30.59 0 1055
35 35.11 30.59 0 1086
35 35.11 30.59 0 1117
35 34.72 30.98 0 1148
35 35.11 30.59 0 1179
35 34.72 30.98 0 1210
35 35.11 30.59 0 1241
35 34.92 30.98 0 1272
35 35.31 30.59 0 1303
35 34.92 30.98 0 1334
35 35.31 30.59 0 1366
35 34.72 30.98 0 1397
35 35.11 30.59 0 1428
35 34.72 30.98 0 1459
35 35.51 30.20 0 1490
35 34.72 30.98 0 1521
35 35.51 30.20 0 1552
35 34.53 30.98 0 1583
35 35.51 30.20 0 1614
35 34.72 30.59 0 1645
35 35.11 30.59 0 1676
35 34.92 30.59 0 1707
35 34.72 30.98 0 1738
35 35.11 30.59 0 1769
35 34.92 30.59 0 1800
35 34.92 30.59 0 1831
35 34.92 30.59 0 1862
35 34.92 30.59 0 1893
35 34.72 30.98 0 1924
35 35.51 30.20 0 1955
35 34.72 30.59 0 1986
35 35.11 30.20 0 2017
35 34.72 30.98 0 2048
35 35.31 30.20 0 2079
35 34.72 30.59 0 2110
35 34.92 30.59 0 2141
35 34.72 30.98 0 2172
35 34.92 30.59 0 2203
35 34.72 30.98 0 2234
35 35.11 30.59 0 2265
35 35.11 30.59 0 2296
35 35.11 30.59 0 2327
35 34.92 30.59 0 2358
35 35.11 30.59 0 2390
35 34.92 30.59 0 2421
35 34.72 30.98 0 2452
35 35.11 30.59 0 2483
35 35.11 30.59 0 2514
35 35.11 30.59 0 2545
35 34.92 30.59 0 2576
35 34.92 30.59 0 2607
35 34.92 30.59 0 2638
35 34.92 30.59 0 2669
35 35.11 30.59 0 2700
35 35.11 30.59 0 2731
35 34.72 30.98 0 2762
35 35.11 30.59 0 2793
35 34.92 30.59 0 2824
35 35.11 30.59 0 2855
35 35.11 30.59 0 2886
35 34.92 30.59 0 2917
35 34.72 30.98 0 2948
35 35.51 30.20 0 2979
35 34.72 30.98 0 3010
35 35.51 30.20 0 3041
35 34.72 30.59 0 3072
35 34.92 30.59 0 3103
35 34.92 30.59 0 3134
35 34.92 30.59 0 3165
35 34.92 30.59 0 3196
35 34.72 30.59 0 3227
35 34.72 30.98 0 3258
35 35.11 30.59 0 3289
35 35.11 30.59 0 3320
35 35.11 30.59 0 3351
35 35.11 30.59 0 3382
35 34.92 30.59 0 3414
35 34.72 30.98 0 3445
35 35.11 30.59 0 3476
35 34.72 30.98 0 3507
35 35.31 30.20 0 3538
35 34.72 30.98 0 3569
35 35.31 30.20 0 3600
35 34.72 30.98 0 3631
35 35.31 30.20 0 3662
35 34.72 30.98 0 3693
35 35.51 30.20 0 3724
35 34.72 30.59 0 3755
35 34.72 30.59 0 3786
35 34.92 30.59 0 3817
35 34.92 30.59 0 3848
35 35.11 30.59 0 3879
35 34.92 30.59 0 3910
35 34.92 30.59 0 3941
35 34.72 30.98 0 3972
35 35.31 30.20 0 4003
35 34.53 30.98 0 4034
35 35.31 30.20 0 4065
35 34.72 30.98 0 4096
35 35.11 30.59 0 4127
35 35.11 30.59 0 4158
35 35.11 30.59 0 4189
35 34.92 30.59 0 4220
35 34.72 30.98 0 4251
35 35.11 30.59 0 4282
35 34.92 30.59 0 4313
35 35.11 30.59 0 4344
35 35.11 30.59 0 4375
35 34.92 30.59 0 4406
35 34.92 30.59 0 4438
35 34.92 30.59 0 4469
35 34.72 30.98 0 4500
35 35.11 30.59 0 4531
35 35.11 30.59 0 4562
35 35.11 30.59 0 4593
35 35.31 30.20 0 4624
35 34.72 30.98 0 4655
70 35.31 74.51 0 4686
70 76.73 41.57 0 4717
70 48.10 73.73 0 4748
70 77.27 49.41 0 4779
70 55.09 73.33 0 4810
70 76.19 54.90 0 4841
70 60.23 71.76 0 4872
70 75.66 57.65 0 4903
70 63.03 70.20 0 4934
70 74.10 60.39 0 4965
70 65.58 68.63 0 4996
70 73.59 61.18 0 5027
70 67.35 67.06 0 5058
70 72.08 62.35 0 5089
70 67.81 66.67 0 5120
70 71.10 63.92 0 5151
70 68.73 66.27 0 5182
70 71.10 63.92 0 5213
70 68.73 66.27 0 5244
70 70.62 64.71 0 5275
70 69.19 65.88 0 5306
70 70.14 65.49 0 5337
70 70.62 64.71 0 5368
70 69.66 65.49 0 5399
70 70.62 64.71 0 5430
70 69.66 65.49 0 5462
70 70.14 65.10 0 5493
70 69.66 65.49 0 5524
70 70.14 65.10 0 5555
70 70.62 64.31 0 5586
70 69.66 65.49 0 5617
70 70.62 64.31 0 5648
70 69.66 65.10 0 5679
70 69.66 65.10 0 5710
70 69.66 65.49 0 5741
70 70.62 64.31 0 5772
70 69.66 65.10 0 5803
70 69.66 65.10 0 5834
70 69.66 65.49 0 5865
70 70.14 65.10 0 5896
70 70.14 65.10 0 5927
70 70.14 65.10 0 5958
70 70.14 65.10 0 5989
70 69.66 65.49 0 6020
70 70.62 64.31 0 6051
70 69.66 65.10 0 6082
70 70.62 64.31 0 6113
70 69.66 65.10 0 6144
70 69.19 65.88 0 6175
70 70.14 65.10 0 6206
70 69.66 65.49 0 6237
70 70.14 65.10 0 6268
70 69.66 65.49 0 6299
70 69.66 65.49 0 6330
70 70.14 65.10 0 6361
70 70.62 64.71 0 6392
70 70.14 65.10 0 6423
70 70.14 65.10 0 6454
70 69.66 65.49 0 6486
70 70.14 65.10 0 6517
70 69.66 65.49 0 6548
70 69.66 65.49 0 6579
70 70.62 64.71 0 6610
70 70.14 65.10 0 6641
70 70.14 65.10 0 6672
70 70.14 65.10 0 6703
70 69.66 65.49 0 6734
70 70.14 65.10 0 6765
70 70.14 65.10 0 6796
70 70.14 65.10 0 6827
70 69.66 65.49 0 6858
70 70.14 65.10 0 6889
70 69.66 65.49 0 6920
70 71.10 63.92 0 6951
70 69.19 65.88 0 6982
70 70.62 64.31 0 7013
70 68.73 66.67 0 7044
70 71.59 63.53 0 7075
70 68.73 66.27 0 7106
70 71.59 63.53 0 7137
70 69.19 65.49 0 7168
70 69.66 65.49 0 7199
70 70.14 64.71 0 7230
70 69.19 65.88 0 7261
70 70.62 64.71 0 7292
70 69.19 66.27 0 7323
70 70.62 64.71 0 7354
70 69.19 66.27 0 7385
70 71.59 63.53 0 7416
70 69.19 65.88 0 7447
70 71.10 63.92 0 7478
70 68.27 66.67 0 7510
70 71.59 63.53 0 7541
70 68.27 66.67 0 7572
70 70.62 64.71 0 7603
70 69.66 65.88 0 7634
70 71.10 63.92 0 7665
70 69.66 65.10 0 7696
70 70.14 64.71 0 7727
70 69.19 65.88 0 7758
70 70.62 64.71 0 7789
70 69.66 65.49 0 7820
70 70.14 65.10 0 7851
70 69.19 66.27 0 7882
70 70.62 64.71 0 7913
70 69.19 66.27 0 7944
70 71.10 64.31 0 7975