
35 0.07 30.59 1 31
35 24.85 30.59 1 62
35 32.47 30.59 1 93
35 33.95 30.59 1 124
35 34.53 30.59 1 155
35 34.53 30.59 1 186
35 34.72 30.59 1 217
35 34.92 30.59 1 248
35 35.11 30.59 1 279
35 35.11 30.59 1 310
35 34.92 30.59 1 342
35 35.11 30.59 1 373
35 35.11 30.59 1 404
35 35.11 30.59 1 435
35 35.11 30.59 1 466
35 35.11 30.59 1 497
35 35.11 30.59 1 528
35 35.11 30.59 1 559
35 34.92 30.59 1 590
35 34.92 30.59 1 621
35 35.11 30.59 1 652
35 35.11 30.59 1 683
35 35.11 30.59 1 714
35 34.92 30.59 1 745
35 34.92 30.59 1 776
35 35.11 30.59 1 807
35 35.11 30.59 1 838
35 35.11 30.59 1 869
35 35.11 30.59 1 900
35 35.11 30.59 1 931
35 35.11 30.59 1 962
35 35.11 30.59 1 993
35 35.11 30.59 1 1024
35 34.72 30.59 1 1055
35 34.53 30.59 1 1086
35 34.14 30.59 1 1117
35 33.57 30.59 1 1148
35 32.83 30.59 1 1179
35 31.93 30.59 1 1210
35 31.06 30.59 1 1241
35 30.05 30.59 1 1272
35 28.76 30.59 1 1303
35 27.99 30.59 1 1334
35 29.08 30.59 1 1366
35 32.29 30.59 1 1397
35 45.03 30.59 1 1428
35 63.87 30.59 1 1459
35 92.01 30.59 1 1490
35 100.10 30.59 1 1521
35 103.29 30.59 1 1552
35 115.69 30.59 1 1583
35 116.66 30.59 1 1614
35 118.63 30.59 1 1645
35 121.67 30.59 1 1676
35 124.83 30.59 1 1707
35 135.06 30.59 1 1738
35 138.74 30.59 1 1769
35 142.58 30.59 1 1800
35 140.01 30.59 1 1831
35 135.06 30.59 1 1862
35 130.37 30.59 1 1893
35 125.91 30.59 1 1924
35 122.71 30.59 1 1955
35 124.83 30.59 1 1986
35 128.11 30.59 1 2017
35 132.68 30.59 1 2048
35 141.28 30.59 1 2079
35 142.58 30.59 1 2110
35 141.28 30.59 1 2141
35 131.52 30.59 1 2172
35 127.00 30.59 1 2203
35 123.76 30.59 1 2234
35 122.71 30.59 1 2265
35 127.00 30.59 1 2296
35 130.37 30.59 1 2327
35 135.06 30.59 1 2358
35 142.58 30.59 1 2390
35 137.50 30.59 1 2421
35 132.68 30.59 1 2452
35 128.11 30.59 1 2483
35 122.71 30.59 1 2514
35 123.76 30.59 1 2545
35 125.91 30.59 1 2576
35 129.23 30.59 1 2607
35 138.74 30.59 1 2638
35 141.28 30.59 1 2669
35 142.58 30.59 1 2700
35 140.01 30.59 1 2731
35 130.37 30.59 1 2762
35 125.91 30.59 1 2793
35 123.76 30.59 1 2824
35 124.83 30.59 1 2855
35 128.11 30.59 1 2886
35 131.52 30.59 1 2917
35 136.27 30.59 1 2948
35 142.58 30.59 1 2979
35 141.28 30.59 1 3010
35 138.74 30.59 1 3041
35 133.86 30.59 1 3072
35 123.76 30.59 1 3103
35 122.71 30.59 1 3134
35 123.76 30.59 1 3165
35 130.37 30.59 1 3196
35 135.06 30.59 1 3227
35 138.74 30.59 1 3258
35 141.28 30.59 1 3289
35 140.01 30.59 1 3320
35 135.06 30.59 1 3351
35 130.37 30.59 1 3382
35 122.71 30.59 1 3414
35 124.83 30.59 1 3445
35 129.23 30.59 1 3476
35 132.68 30.59 1 3507
35 141.28 30.59 1 3538
35 142.58 30.59 1 3569
35 140.01 30.59 1 3600
35 136.27 30.59 1 3631
35 125.91 30.59 1 3662
35 123.76 30.59 1 3693
35 122.71 30.59 1 3724
35 123.76 30.59 1 3755
35 131.52 30.59 1 3786
35 136.27 30.59 1 3817
35 140.01 30.59 1 3848
35 141.28 30.59 1 3879
35 137.50 30.59 1 3910
35 133.86 30.59 1 3941
35 128.11 30.59 1 3972
35 122.71 30.59 1 4003
35 123.76 30.59 1 4034
35 125.91 30.59 1 4065
35 129.23 30.59 1 4096
35 138.74 30.59 1 4127
35 141.28 30.59 1 4158
35 142.58 30.59 1 4189
35 135.06 30.59 1 4220
35 130.37 30.59 1 4251
35 125.91 30.59 1 4282
35 123.76 30.59 1 4313
35 124.83 30.59 1 4344
35 128.11 30.59 1 4375
35 132.68 30.59 1 4406
35 141.28 30.59 1 4438
35 140.01 30.59 1 4469
35 136.27 30.59 1 4500
35 131.52 30.59 1 4531
35 122.71 30.59 1 4562
35 122.71 30.59 1 4593
35 123.76 30.59 1 4624
35 127.00 30.59 1 4655
35 136.27 30.59 1 4686
35 140.01 30.59 1 4717
35 142.58 30.59 1 4748
35 141.28 30.59 1 4779
35 132.68 30.59 1 4810
35 128.11 30.59 1 4841
35 124.83 30.59 1 4872
35 123.76 30.59 1 4903
35 125.91 30.59 1 4934
35 129.23 30.59 1 4965
35 133.86 30.59 1 4996
35 142.58 30.59 1 5027
35 142.58 30.59 1 5058
35 141.28 30.59 1 5089
35 136.27 30.59 1 5120
35 125.91 30.59 1 5151
35 122.71 30.59 1 5182
35 122.71 30.59 1 5213
35 128.11 30.59 1 5244
35 131.52 30.59 1 5275
35 132.68 30.59 1 5306
35 131.52 30.59 1 5337
35 124.83 30.59 1 5368
35 109.24 30.59 1 5399
35 98.56 30.59 1 5430
35 91.32 30.59 1 5462
35 84.19 30.59 1 5493
35 67.35 30.59 1 5524
35 55.79 30.59 1 5555
35 50.19 30.59 1 5586
35 45.30 30.59 1 5617
35 40.04 30.59 1 5648
35 36.53 30.59 1 5679
35 33.76 30.59 1 5710
35 31.93 30.59 1 5741
35 30.05 30.59 1 5772
35 27.69 30.59 1 5803
35 25.95 30.59 1 5834
35 25.53 30.59 1 5865
35 25.67 30.59 1 5896
35 26.09 30.59 1 5927
35 26.66 30.59 1 5958
35 27.24 30.59 1 5989
35 27.84 30.59 1 6020
35 28.30 30.59 1 6051
35 28.76 30.59 1 6082
35 29.40 30.59 1 6113
35 30.05 30.59 1 6144
35 30.72 30.59 1 6175
35 31.23 30.59 1 6206
35 31.93 30.59 1 6237
35 32.47 30.59 1 6268
35 33.01 30.59 1 6299
35 33.57 30.59 1 6330
35 34.14 30.59 1 6361
35 34.53 30.59 1 6392
35 34.92 30.59 1 6423
35 35.11 30.59 1 6454
35 35.11 30.59 1 6486
35 35.11 30.59 1 6517
35 35.11 30.59 1 6548
35 35.11 30.59 1 6579
35 34.92 30.59 1 6610
35 34.92 30.59 1 6641
35 35.11 30.59 1 6672
35 35.11 30.59 1 6703
35 35.11 30.59 1 6734
35 34.92 30.59 1 6765
35 34.92 30.59 1 6796
35 34.92 30.59 1 6827
35 35.11 30.59 1 6858
35 35.11 30.59 1 6889
35 35.11 30.59 1 6920
35 35.11 30.59 1 6951
35 35.11 30.59 1 6982
35 35.11 30.59 1 7013
35 35.11 30.59 1 7044
35 35.11 30.59 1 7075
35 34.92 30.59 1 7106
35 34.92 30.59 1 7137
35 35.11 30.59 1 7168
35 35.11 30.59 1 7199
35 35.11 30.59 1 7230
35 34.92 30.59 1 7261
35 35.11 30.59 1 7292
35 35.11 30.59 1 7323
35 35.11 30.59 1 7354
35 35.11 30.59 1 7385
35 35.11 30.59 1 7416
35 35.11 30.59 1 7447
35 35.11 30.59 1 7478
35 35.11 30.59 1 7510
35 35.11 30.59 1 7541
35 35.11 30.59 1 7572
35 35.11 30.59 1 7603
35 35.11 30.59 1 7634
35 35.11 30.59 1 7665
35 35.11 30.59 1 7696
35 35.11 30.59 1 7727
35 35.11 30.59 1 7758
35 35.11 30.59 1 7789
35 34.92 30.59 1 7820
35 35.11 30.59 1 7851
35 35.11 30.59 1 7882
35 35.11 30.59 1 7913
35 35.11 30.59 1 7944
35 35.11 30.59 1 7975
35 35.11 30.59 1 8006
35 35.11 30.59 1 8037
35 35.11 30.59 1 8068
35 35.11 30.59 1 8099
35 35.11 30.59 1 8130
35 35.11 30.59 1 8161
35 35.11 30.59 1 8192
35 35.11 30.59 1 8223
35 35.11 30.59 1 8254
35 35.11 30.59 1 8285
35 35.11 30.59 1 8316
35 35.31 30.59 1 8347
35 35.31 30.59 1 8378
35 35.31 30.59 1 8409
35 35.11 30.59 1 8440
35 35.11 30.59 1 8471
35 35.11 30.59 1 8502
35 35.11 30.59 1 8534
35 35.11 30.59 1 8565
35 35.31 30.59 1 8596
35 35.31 30.59 1 8627
35 35.11 30.59 1 8658
35 35.11 30.59 1 8689
35 35.11 30.59 1 8720
35 35.11 30.59 1 8751
35 35.11 30.59 1 8782
35 35.11 30.59 1 8813
35 35.11 30.59 1 8844
35 35.11 30.59 1 8875
35 35.31 30.59 1 8906
35 35.31 30.59 1 8937
35 35.11 30.59 1 8968
35 35.11 30.59 1 8999
35 35.11 30.59 1 9030
35 35.11 30.59 1 9061
35 35.11 30.59 1 9092
35 35.11 30.59 1 9123
35 35.11 30.59 1 9154
35 35.11 30.59 1 9185
35 35.11 30.59 1 9216
35 35.11 30.59 1 9247
35 35.11 30.59 1 9278
35 35.11 30.59 1 9309
70 35.11 63.92 1 9340
70 66.46 63.92 1 9371
70 67.81 63.92 1 9402
70 68.27 63.92 1 9433
70 68.27 63.92 1 9464
70 68.27 63.92 1 9495
70 68.73 63.92 1 9526
70 68.27 63.92 1 9558
70 68.73 63.92 1 9589
70 68.73 63.92 1 9620
70 68.73 63.92 1 9651
70 68.27 63.92 1 9682
70 68.27 63.92 1 9713
70 68.73 63.92 1 9744
70 68.73 63.92 1 9775
70 68.73 63.92 1 9806
70 68.73 63.92 1 9837
70 68.27 63.92 1 9868
70 68.27 63.92 1 9899
70 68.73 63.92 1 9930
70 68.73 63.92 1 9961
70 68.73 63.92 1 9992
70 68.73 63.92 1 10023
70 68.73 63.92 1 10054
70 68.73 63.92 1 10085
70 68.73 63.92 1 10116
70 68.27 63.92 1 10147
70 68.27 63.92 1 10178
70 68.27 63.92 1 10209
70 68.27 63.92 1 10240
70 68.73 63.92 1 10271
70 68.73 63.92 1 10302
70 68.73 63.92 1 10333
70 68.73 63.92 1 10364
70 68.73 63.92 1 10395
70 68.73 63.92 1 10426
70 68.73 63.92 1 10457
70 68.73 63.92 1 10488
70 68.73 63.92 1 10519
70 68.73 63.92 1 10550
70 68.73 63.92 1 10582
70 68.73 63.92 1 10613
70 68.73 63.92 1 10644
70 68.73 63.92 1 10675
70 68.27 63.92 1 10706
70 68.27 63.92 1 10737
70 68.27 63.92 1 10768
70 68.73 63.92 1 10799
70 68.73 63.92 1 10830
70 68.73 63.92 1 10861
70 68.27 63.92 1 10892
70 68.27 63.92 1 10923
70 68.73 63.92 1 10954
70 68.73 63.92 1 10985
70 68.73 63.92 1 11016
70 68.73 63.92 1 11047
70 68.73 63.92 1 11078
70 68.73 63.92 1 11109
70 68.73 63.92 1 11140
70 68.27 63.92 1 11171
70 68.27 63.92 1 11202
70 68.27 63.92 1 11233
70 68.27 63.92 1 11264
70 68.73 63.92 1 11295
70 68.73 63.92 1 11326
70 68.73 63.92 1 11357
70 68.73 63.92 1 11388
70 68.73 63.92 1 11419
70 68.73 63.92 1 11450
70 68.73 63.92 1 11481
70 68.27 63.92 1 11512
70 68.27 63.92 1 11543
70 68.27 63.92 1 11574
70 68.73 63.92 1 11606
70 68.73 63.92 1 11637
70 68.73 63.92 1 11668
70 68.73 63.92 1 11699
70 68.27 63.92 1 11730
70 68.27 63.92 1 11761
70 68.27 63.92 1 11792
70 68.73 63.92 1 11823
70 68.73 63.92 1 11854
70 68.73 63.92 1 11885
70 68.27 63.92 1 11916
70 68.27 63.92 1 11947
70 68.73 63.92 1 11978
70 68.73 63.92 1 12009
70 68.73 63.92 1 12040
70 68.27 63.92 1 12071
70 68.73 63.92 1 12102
70 68.73 63.92 1 12133
70 68.73 63.92 1 12164
70 68.27 63.92 1 12195
70 68.27 63.92 1 12226
70 68.27 63.92 1 12257
70 68.27 63.92 1 12288
70 68.73 63.92 1 12319
70 68.73 63.92 1 12350
70 68.73 63.92 1 12381
70 68.73 63.92 1 12412
70 68.73 63.92 1 12443
70 68.73 63.92 1 12474
70 68.73 63.92 1 12505
70 68.27 63.92 1 12536
70 68.27 63.92 1 12567
70 68.27 63.92 1 12598
70 68.73 63.92 1 12630
70 68.73 63.92 1 12661
70 68.73 63.92 1 12692
70 68.73 63.92 1 12723
70 68.27 63.92 1 12754
70 68.27 63.92 1 12785
70 68.27 63.92 1 12816
70 68.73 63.92 1 12847
70 68.73 63.92 1 12878
70 68.73 63.92 1 12909
70 68.73 63.92 1 12940
70 68.27 63.92 1 12971
70 68.73 63.92 1 13002
70 68.73 63.92 1 13033
70 68.73 63.92 1 13064
70 68.27 63.92 1 13095
70 68.27 63.92 1 13126
70 68.27 63.92 1 13157
70 68.73 63.92 1 13188
70 68.27 63.92 1 13219
70 68.27 63.92 1 13250
70 68.27 63.92 1 13281
70 68.27 63.92 1 13312
70 68.73 63.92 1 13343
70 68.73 63.92 1 13374
70 68.73 63.92 1 13405
70 68.73 63.92 1 13436
70 68.73 63.92 1 13467
70 68.73 63.92 1 13498
70 68.73 63.92 1 13529
70 68.27 63.92 1 13560
70 68.27 63.92 1 13591
70 68.27 63.92 1 13622
70 68.73 63.92 1 13654
70 68.73 63.92 1 13685
70 68.73 63.92 1 13716
70 68.73 63.92 1 13747
70 68.27 63.92 1 13778
70 68.27 63.92 1 13809
70 68.27 63.92 1 13840
70 68.27 63.92 1 13871
70 68.73 63.92 1 13902
70 68.73 63.92 1 13933
70 68.27 63.92 1 13964
70 68.27 63.92 1 13995
70 68.73 63.92 1 14026
70 68.73 63.92 1 14057
70 68.73 63.92 1 14088
70 68.27 63.92 1 14119
70 68.27 63.92 1 14150
70 68.27 63.92 1 14181
70 68.27 63.92 1 14212
70 68.73 63.92 1 14243
70 68.27 63.92 1 14274
70 68.27 63.92 1 14305
70 68.27 63.92 1 14336
70 68.73 63.92 1 14367
70 68.73 63.92 1 14398
70 68.73 63.92 1 14429
70 68.73 63.92 1 14460
70 68.73 63.92 1 14491
70 68.73 63.92 1 14522
70 68.73 63.92 1 14553
70 68.27 63.92 1 14584
70 68.27 63.92 1 14615
70 68.27 63.92 1 14646
70 68.73 63.92 1 14678
70 68.73 63.92 1 14709
70 68.73 63.92 1 14740
70 68.73 63.92 1 14771
70 68.27 63.92 1 14802
70 68.27 63.92 1 14833
70 68.27 63.92 1 14864
70 68.27 63.92 1 14895
70 68.73 63.92 1 14926
70 68.73 63.92 1 14957
70 68.73 63.92 1 14988
70 68.73 63.92 1 15019
70 68.73 63.92 1 15050
70 68.73 63.92 1 15081
70 68.73 63.92 1 15112
70 68.27 63.92 1 15143
70 68.27 63.92 1 15174
70 68.27 63.92 1 15205
70 68.27 63.92 1 15236
70 68.73 63.92 1 15267
70 68.27 63.92 1 15298
70 68.27 63.92 1 15329
70 68.27 63.92 1 15360
70 68.73 63.92 1 15391
70 68.73 63.92 1 15422
70 68.73 63.92 1 15453
70 68.73 63.92 1 15484
70 68.73 63.92 1 15515
70 68.73 63.92 1 15546
70 68.73 63.92 1 15577
70 68.27 63.92 1 15608
70 68.27 63.92 1 15639
70 68.27 63.92 1 15670
70 68.73 63.92 1 15702
70 68.27 63.92 1 15733
70 68.73 63.92 1 15764
70 68.73 63.92 1 15795
70 68.73 63.92 1 15826
70 68.27 63.92 1 15857
70 68.73 63.92 1 15888
70 68.27 63.92 1 15919
70 68.73 63.92 1 15950
70 68.73 63.92 1 15981
70 68.73 63.92 1 16012
70 68.27 63.92 1 16043
70 68.73 63.92 1 16074
70 68.73 63.92 1 16105
70 68.73 63.92 1 16136
70 68.27 63.92 1 16167
70 68.27 63.92 1 16198
70 68.27 63.92 1 16229
70 68.73 63.92 1 16260
70 68.73 63.92 1 16291
70 68.73 63.92 1 16322
70 68.27 63.92 1 16353
70 68.27 63.92 1 16384
70 68.73 63.92 1 16415
70 68.73 63.92 1 16446
70 68.73 63.92 1 16477
70 68.27 63.92 1 16508
70 68.27 63.92 1 16539