
35 0.08 30.59 1 31
35 24.72 30.59 1 62
35 32.47 30.59 1 93
35 33.95 30.59 1 124
35 34.53 30.59 1 155
35 34.53 30.59 1 186
35 34.72 30.59 1 217
35 34.92 30.59 1 248
35 35.11 30.59 1 279
35 35.11 30.59 1 310
35 34.92 30.59 1 342
35 35.11 30.59 1 373
35 34.92 30.59 1 404
35 34.92 30.59 1 435
35 35.11 30.59 1 466
35 35.11 30.59 1 497
35 35.11 30.59 1 528
35 35.11 30.59 1 559
35 34.92 30.59 1 590
35 34.92 30.59 1 621
35 35.11 30.59 1 652
35 35.11 30.59 1 683
35 35.11 30.59 1 714
35 34.92 30.59 1 745
35 34.92 30.59 1 776
35 35.11 30.59 1 807
35 35.11 30.59 1 838
35 35.11 30.59 1 869
35 35.11 30.59 1 900
35 35.11 30.59 1 931
35 35.11 30.59 1 962
35 35.11 30.59 1 993
35 35.11 30.59 1 1024
35 35.11 30.59 1 1055
35 34.92 30.59 1 1086
35 35.11 30.59 1 1117
35 35.11 30.59 1 1148
35 35.11 30.59 1 1179
35 35.11 30.59 1 1210
35 35.11 30.59 1 1241
35 35.11 30.59 1 1272
35 35.11 30.59 1 1303
35 35.31 30.59 1 1334
35 35.11 30.59 1 1366
35 35.11 30.59 1 1397
35 35.11 30.59 1 1428
35 35.11 30.59 1 1459
35 35.11 30.59 1 1490
35 35.11 30.59 1 1521
35 35.11 30.59 1 1552
35 35.31 30.59 1 1583
35 35.11 30.59 1 1614
35 35.11 30.59 1 1645
35 35.11 30.59 1 1676
35 35.11 30.59 1 1707
35 35.11 30.59 1 1738
35 35.11 30.59 1 1769
35 35.11 30.59 1 1800
35 35.31 30.59 1 1831
35 35.31 30.59 1 1862
35 35.31 30.59 1 1893
35 35.31 30.59 1 1924
35 35.11 30.59 1 1955
35 35.11 30.59 1 1986
35 35.11 30.59 1 2017
35 35.11 30.59 1 2048
35 35.11 30.59 1 2079
35 35.11 30.59 1 2110
35 35.11 30.59 1 2141
35 35.11 30.59 1 2172
35 35.11 30.59 1 2203
35 35.11 30.59 1 2234
35 35.11 30.59 1 2265
35 35.11 30.59 1 2296
35 35.11 30.59 1 2327
35 35.31 30.59 1 2358
35 35.11 30.59 1 2390
35 35.31 30.59 1 2421
35 35.11 30.59 1 2452
35 35.11 30.59 1 2483
35 35.11 30.59 1 2514
35 35.11 30.59 1 2545
35 35.11 30.59 1 2576
35 35.31 30.59 1 2607
35 35.11 30.59 1 2638
35 35.11 30.59 1 2669
35 35.11 30.59 1 2700
35 35.11 30.59 1 2731
35 35.11 30.59 1 2762
35 35.11 30.59 1 2793
35 35.11 30.59 1 2824
35 35.31 30.59 1 2855
35 35.31 30.59 1 2886
35 35.31 30.59 1 2917
35 35.31 30.59 1 2948
35 35.11 30.59 1 2979
35 35.11 30.59 1 3010
35 35.11 30.59 1 3041
35 35.11 30.59 1 3072
35 35.11 30.59 1 3103
35 35.11 30.59 1 3134
35 35.11 30.59 1 3165
35 35.31 30.59 1 3196
35 35.11 30.59 1 3227
35 35.11 30.59 1 3258
35 35.11 30.59 1 3289
35 35.11 30.59 1 3320
35 35.11 30.59 1 3351
35 35.31 30.59 1 3382
35 35.11 30.59 1 3414
35 35.11 30.59 1 3445
35 35.31 30.59 1 3476
35 35.11 30.59 1 3507
35 35.11 30.59 1 3538
35 35.11 30.59 1 3569
35 35.11 30.59 1 3600
35 35.31 30.59 1 3631
35 35.11 30.59 1 3662
35 35.11 30.59 1 3693
35 35.11 30.59 1 3724
35 35.11 30.59 1 3755
35 35.11 30.59 1 3786
35 35.11 30.59 1 3817
35 35.11 30.59 1 3848
35 35.31 30.59 1 3879
35 35.31 30.59 1 3910
35 35.31 30.59 1 3941
35 35.31 30.59 1 3972
35 35.11 30.59 1 4003
35 35.11 30.59 1 4034
35 35.11 30.59 1 4065
35 35.11 30.59 1 4096
35 35.11 30.59 1 4127
35 35.11 30.59 1 4158
35 35.11 30.59 1 4189
35 35.31 30.59 1 4220
35 35.31 30.59 1 4251
35 35.31 30.59 1 4282
35 35.11 30.59 1 4313
35 35.11 30.59 1 4344
35 35.11 30.59 1 4375
35 35.11 30.59 1 4406
35 35.11 30.59 1 4438
35 35.31 30.59 1 4469
35 35.31 30.59 1 4500
35 35.11 30.59 1 4531
35 35.11 30.59 1 4562
35 35.11 30.59 1 4593
35 35.11 30.59 1 4624
35 35.31 30.59 1 4655
70 35.11 63.92 1 4686
70 66.02 63.92 1 4717
70 67.81 63.92 1 4748
70 68.27 63.92 1 4779
70 68.27 63.92 1 4810
70 68.27 63.92 1 4841
70 68.27 63.92 1 4872
70 68.73 63.92 1 4903
70 68.73 63.92 1 4934
70 68.73 63.92 1 4965
70 68.73 63.92 1 4996
70 68.73 63.92 1 5027
70 68.73 63.92 1 5058
70 68.73 63.92 1 5089
70 68.73 63.92 1 5120
70 68.73 63.92 1 5151
70 68.73 63.92 1 5182
70 68.73 63.92 1 5213
70 68.73 63.92 1 5244
70 68.73 63.92 1 5275
70 68.73 63.92 1 5306
70 68.73 63.92 1 5337
70 68.73 63.92 1 5368
70 68.73 63.92 1 5399
70 68.73 63.92 1 5430
70 68.27 63.92 1 5462
70 68.73 63.92 1 5493
70 68.73 63.92 1 5524
70 68.73 63.92 1 5555
70 68.73 63.92 1 5586
70 68.73 63.92 1 5617
70 68.73 63.92 1 5648
70 68.73 63.92 1 5679
70 68.27 63.92 1 5710
70 68.27 63.92 1 5741
70 68.73 63.92 1 5772
70 68.27 63.92 1 5803
70 68.73 63.92 1 5834
70 68.73 63.92 1 5865
70 68.73 63.92 1 5896
70 68.73 63.92 1 5927
70 68.73 63.92 1 5958
70 68.73 63.92 1 5989
70 68.73 63.92 1 6020
70 68.27 63.92 1 6051
70 68.73 63.92 1 6082
70 68.27 63.92 1 6113
70 68.27 63.92 1 6144
70 67.81 63.92 1 6175
70 67.81 63.92 1 6206
70 67.35 63.92 1 6237
70 67.81 63.92 1 6268
70 67.35 63.92 1 6299
70 66.91 63.92 1 6330
70 66.91 63.92 1 6361
70 66.46 63.92 1 6392
70 65.58 63.92 1 6423
70 65.15 63.92 1 6454
70 63.87 63.92 1 6486
70 62.62 63.92 1 6517
70 61.41 63.92 1 6548
70 60.23 63.92 1 6579
70 58.70 63.92 1 6610
70 57.22 63.92 1 6641
70 55.09 63.92 1 6672
70 53.06 63.92 1 6703
70 52.08 63.92 1 6734
70 52.08 63.92 1 6765
70 53.72 63.92 1 6796
70 63.45 63.92 1 6827
70 78.37 63.92 1 6858
70 98.56 63.92 1 6889
70 112.86 63.92 1 6920
70 111.94 63.92 1 6951
70 118.63 63.92 1 6982
70 125.91 63.92 1 7013
70 129.23 63.92 1 7044
70 132.68 63.92 1 7075
70 136.27 63.92 1 7106
70 141.28 63.92 1 7137
70 146.57 63.92 1 7168
70 153.61 63.92 1 7199
70 153.61 63.92 1 7230
70 150.74 63.92 1 7261
70 140.01 63.92 1 7292
70 136.27 63.92 1 7323
70 133.86 63.92 1 7354
70 133.86 63.92 1 7385
70 141.28 63.92 1 7416
70 145.22 63.92 1 7447
70 149.33 63.92 1 7478
70 153.61 63.92 1 7510
70 146.57 63.92 1 7541
70 141.28 63.92 1 7572
70 137.50 63.92 1 7603
70 133.86 63.92 1 7634
70 136.27 63.92 1 7665
70 140.01 63.92 1 7696
70 143.89 63.92 1 7727
70 152.16 63.92 1 7758
70 153.61 63.92 1 7789
70 153.61 63.92 1 7820
70 150.74 63.92 1 7851
70 138.74 63.92 1 7882
70 135.06 63.92 1 7913
70 133.86 63.92 1 7944
70 137.50 63.92 1 7975
70 141.28 63.92 1 8006
70 145.22 63.92 1 8037
70 149.33 63.92 1 8068
70 153.61 63.92 1 8099
70 152.16 63.92 1 8130
70 147.94 63.92 1 8161
70 143.89 63.92 1 8192
70 133.86 63.92 1 8223
70 133.86 63.92 1 8254
70 135.06 63.92 1 8285
70 143.89 63.92 1 8316
70 147.94 63.92 1 8347
70 152.16 63.92 1 8378
70 153.61 63.92 1 8409
70 150.74 63.92 1 8440
70 145.22 63.92 1 8471
70 141.28 63.92 1 8502
70 133.86 63.92 1 8534
70 137.50 63.92 1 8565
70 141.28 63.92 1 8596
70 146.57 63.92 1 8627
70 153.61 63.92 1 8658
70 153.61 63.92 1 8689
70 152.16 63.92 1 8720
70 147.94 63.92 1 8751
70 136.27 63.92 1 8782
70 133.86 63.92 1 8813
70 133.86 63.92 1 8844
70 135.06 63.92 1 8875
70 143.89 63.92 1 8906
70 147.94 63.92 1 8937
70 152.16 63.92 1 8968
70 153.61 63.92 1 8999
70 149.33 63.92 1 9030
70 145.22 63.92 1 9061
70 140.01 63.92 1 9092
70 133.86 63.92 1 9123
70 133.86 63.92 1 9154
70 136.27 63.92 1 9185
70 140.01 63.92 1 9216
70 150.74 63.92 1 9247
70 152.16 63.92 1 9278
70 153.61 63.92 1 9309
70 147.94 63.92 1 9340
70 142.58 63.92 1 9371
70 137.50 63.92 1 9402
70 135.06 63.92 1 9433
70 135.06 63.92 1 9464
70 138.74 63.92 1 9495
70 142.58 63.92 1 9526
70 152.16 63.92 1 9558
70 152.16 63.92 1 9589
70 149.33 63.92 1 9620
70 143.89 63.92 1 9651
70 135.06 63.92 1 9682
70 133.86 63.92 1 9713
70 135.06 63.92 1 9744
70 137.50 63.92 1 9775
70 146.57 63.92 1 9806
70 150.74 63.92 1 9837
70 153.61 63.92 1 9868
70 153.61 63.92 1 9899
70 146.57 63.92 1 9930
70 141.28 63.92 1 9961
70 137.50 63.92 1 9992
70 133.86 63.92 1 10023
70 136.27 63.92 1 10054
70 138.74 63.92 1 10085
70 142.58 63.92 1 10116
70 152.16 63.92 1 10147
70 153.61 63.92 1 10178
70 153.61 63.92 1 10209
70 150.74 63.92 1 10240
70 138.74 63.92 1 10271
70 135.06 63.92 1 10302
70 133.86 63.92 1 10333
70 137.50 63.92 1 10364
70 141.28 63.92 1 10395
70 145.22 63.92 1 10426
70 149.33 63.92 1 10457
70 153.61 63.92 1 10488
70 152.16 63.92 1 10519
70 147.94 63.92 1 10550
70 136.27 63.92 1 10582
70 133.86 63.92 1 10613
70 136.27 63.92 1 10644
70 140.01 63.92 1 10675
70 149.33 63.92 1 10706
70 152.16 63.92 1 10737
70 153.61 63.92 1 10768
70 153.61 63.92 1 10799
70 142.58 63.92 1 10830
70 137.50 63.92 1 10861
70 135.06 63.92 1 10892
70 133.86 63.92 1 10923
70 138.74 63.92 1 10954
70 141.28 63.92 1 10985
70 146.57 63.92 1 11016
70 153.61 63.92 1 11047
70 153.61 63.92 1 11078
70 150.74 63.92 1 11109
70 146.57 63.92 1 11140
70 136.27 63.92 1 11171
70 133.86 63.92 1 11202
70 133.86 63.92 1 11233
70 135.06 63.92 1 11264
70 143.89 63.92 1 11295
70 147.94 63.92 1 11326
70 152.16 63.92 1 11357
70 152.16 63.92 1 11388
70 149.33 63.92 1 11419
70 143.89 63.92 1 11450
70 138.74 63.92 1 11481
70 133.86 63.92 1 11512
70 133.86 63.92 1 11543
70 137.50 63.92 1 11574
70 146.57 63.92 1 11606
70 153.61 63.92 1 11637
70 153.61 63.92 1 11668
70 150.74 63.92 1 11699
70 138.74 63.92 1 11730
70 135.06 63.92 1 11761
70 133.86 63.92 1 11792
70 133.86 63.92 1 11823
70 141.28 63.92 1 11854
70 145.22 63.92 1 11885
70 149.33 63.92 1 11916
70 152.16 63.92 1 11947
70 152.16 63.92 1 11978
70 147.94 63.92 1 12009
70 142.58 63.92 1 12040
70 133.86 63.92 1 12071
70 131.52 63.92 1 12102
70 132.68 63.92 1 12133
70 132.68 63.92 1 12164
70 138.74 63.92 1 12195
70 137.50 63.92 1 12226
70 135.06 63.92 1 12257
70 131.52 63.92 1 12288
70 120.64 63.92 1 12319
70 113.79 63.92 1 12350
70 107.49 63.92 1 12381
70 103.29 63.92 1 12412
70 104.11 63.92 1 12443
70 104.94 63.92 1 12474
70 107.49 63.92 1 12505
70 106.63 63.92 1 12536
70 91.32 63.92 1 12567
70 75.13 63.92 1 12598
70 66.91 63.92 1 12630
70 62.62 63.92 1 12661
70 58.70 63.92 1 12692
70 55.79 63.92 1 12723
70 54.40 63.92 1 12754
70 53.39 63.92 1 12785
70 53.06 63.92 1 12816
70 52.73 63.92 1 12847
70 52.08 63.92 1 12878
70 51.13 63.92 1 12909
70 50.19 63.92 1 12940
70 49.89 63.92 1 12971
70 50.50 63.92 1 13002
70 51.13 63.92 1 13033
70 52.40 63.92 1 13064
70 53.39 63.92 1 13095
70 54.74 63.92 1 13126
70 56.14 63.92 1 13157
70 57.58 63.92 1 13188
70 58.70 63.92 1 13219
70 59.84 63.92 1 13250
70 61.01 63.92 1 13281
70 62.22 63.92 1 13312
70 63.03 63.92 1 13343
70 63.87 63.92 1 13374
70 64.72 63.92 1 13405
70 65.58 63.92 1 13436
70 66.46 63.92 1 13467
70 66.91 63.92 1 13498
70 67.81 63.92 1 13529
70 67.81 63.92 1 13560
70 68.27 63.92 1 13591
70 68.27 63.92 1 13622
70 68.27 63.92 1 13654
70 68.27 63.92 1 13685
70 68.27 63.92 1 13716
70 68.27 63.92 1 13747
70 68.27 63.92 1 13778
70 68.27 63.92 1 13809
70 68.27 63.92 1 13840
70 68.27 63.92 1 13871
70 68.27 63.92 1 13902
70 68.27 63.92 1 13933
70 68.27 63.92 1 13964
70 68.27 63.92 1 13995
70 68.27 63.92 1 14026
70 68.27 63.92 1 14057
70 68.73 63.92 1 14088
70 68.27 63.92 1 14119
70 68.27 63.92 1 14150
70 68.27 63.92 1 14181
70 68.27 63.92 1 14212
70 68.27 63.92 1 14243
70 68.27 63.92 1 14274
70 68.27 63.92 1 14305
70 68.27 63.92 1 14336
70 68.27 63.92 1 14367
70 68.27 63.92 1 14398
70 68.27 63.92 1 14429
70 68.27 63.92 1 14460
70 68.27 63.92 1 14491
70 68.27 63.92 1 14522
70 68.27 63.92 1 14553
70 68.27 63.92 1 14584
70 68.27 63.92 1 14615
70 68.27 63.92 1 14646
70 68.27 63.92 1 14678
70 68.27 63.92 1 14709
70 68.27 63.92 1 14740
70 68.27 63.92 1 14771
70 68.27 63.92 1 14802
70 68.27 63.92 1 14833
70 68.27 63.92 1 14864
70 68.27 63.92 1 14895
70 68.27 63.92 1 14926
70 68.27 63.92 1 14957
70 68.27 63.92 1 14988
70 68.27 63.92 1 15019
70 68.27 63.92 1 15050
70 68.27 63.92 1 15081
70 68.73 63.92 1 15112
70 68.27 63.92 1 15143
70 68.27 63.92 1 15174
70 68.27 63.92 1 15205
70 68.27 63.92 1 15236
70 68.27 63.92 1 15267
70 68.27 63.92 1 15298
70 68.27 63.92 1 15329
70 68.27 63.92 1 15360
70 68.27 63.92 1 15391
70 68.27 63.92 1 15422
70 68.27 63.92 1 15453
70 68.27 63.92 1 15484
70 68.27 63.92 1 15515
70 68.27 63.92 1 15546
70 68.27 63.92 1 15577
70 68.27 63.92 1 15608
70 68.27 63.92 1 15639
70 68.27 63.92 1 15670
70 68.27 63.92 1 15702
70 68.27 63.92 1 15733
70 68.27 63.92 1 15764
70 68.27 63.92 1 15795
70 68.27 63.92 1 15826
70 68.27 63.92 1 15857
70 68.27 63.92 1 15888
70 68.27 63.92 1 15919
70 68.27 63.92 1 15950
70 68.27 63.92 1 15981
70 68.27 63.92 1 16012
70 68.27 63.92 1 16043
70 68.27 63.92 1 16074
70 68.27 63.92 1 16105
70 68.27 63.92 1 16136
70 68.27 63.92 1 16167
70 68.27 63.92 1 16198
70 68.27 63.92 1 16229
70 68.27 63.92 1 16260
70 68.27 63.92 1 16291
70 68.27 63.92 1 16322
70 68.27 63.92 1 16353
70 68.27 63.92 1 16384
70 68.27 63.92 1 16415
70 68.73 63.92 1 16446
70 68.73 63.92 1 16477
70 68.27 63.92 1 16508
70 68.27 63.92 1 16539
70 68.27 63.92 1 16570
70 68.27 63.92 1 16601
70 68.27 63.92 1 16632
70 68.27 63.92 1 16663
70 68.27 63.92 1 16694
70 68.27 63.92 1 16726
70 68.27 63.92 1 16757
70 68.27 63.92 1 16788
70 68.27 63.92 1 16819
70 68.27 63.92 1 16850
70 68.27 63.92 1 16881
70 68.27 63.92 1 16912
70 68.27 63.92 1 16943
70 68.27 63.92 1 16974
70 68.27 63.92 1 17005
70 68.27 63.92 1 17036
70 68.27 63.92 1 17067
70 68.27 63.92 1 17098
70 68.27 63.92 1 17129
70 68.27 63.92 1 17160
70 68.27 63.92 1 17191
70 68.27 63.92 1 17222
70 68.27 63.92 1 17253
70 68.27 63.92 1 17284
70 68.27 63.92 1 17315
70 68.27 63.92 1 17346
70 68.27 63.92 1 17377
70 68.27 63.92 1 17408
70 68.27 63.92 1 17439
70 68.73 63.92 1 17470
70 68.27 63.92 1 17501
70 68.27 63.92 1 17532
70 68.27 63.92 1 17563
70 68.27 63.92 1 17594
70 68.27 63.92 1 17625
70 68.27 63.92 1 17656
70 68.27 63.92 1 17687
70 68.27 63.92 1 17718
70 68.73 63.92 1 17750
70 68.27 63.92 1 17781
70 68.27 63.92 1 17812
70 68.27 63.92 1 17843
70 68.27 63.92 1 17874
70 68.27 63.92 1 17905
70 68.27 63.92 1 17936
70 68.27 63.92 1 17967
70 68.27 63.92 1 17998
70 68.73 63.92 1 18029
70 68.73 63.92 1 18060
70 68.73 63.92 1 18091
70 68.27 63.92 1 18122
70 68.27 63.92 1 18153
70 68.27 63.92 1 18184
70 68.27 63.92 1 18215
70 68.27 63.92 1 18246
70 68.27 63.92 1 18277
70 68.27 63.92 1 18308
70 68.27 63.92 1 18339
70 68.27 63.92 1 18370
70 68.27 63.92 1 18401
70 68.27 63.92 1 18432
70 68.73 63.92 1 18463
70 68.73 63.92 1 18494
70 68.73 63.92 1 18525
70 68.27 63.92 1 18556
70 68.27 63.92 1 18587
70 68.27 63.92 1 18618
70 68.27 63.92 1 18649
70 68.27 63.92 1 18680
70 68.27 63.92 1 18711
70 68.27 63.92 1 18742
70 68.27 63.92 1 18774
70 68.27 63.92 1 18805
70 68.27 63.92 1 18836
70 68.27 63.92 1 18867
70 68.27 63.92 1 18898
70 68.27 63.92 1 18929
70 68.27 63.92 1 18960
70 68.27 63.92 1 18991
70 68.73 63.92 1 19022
70 68.73 63.92 1 19053
70 68.73 63.92 1 19084
70 68.27 63.92 1 19115
70 68.27 63.92 1 19146
70 68.27 63.92 1 19177
70 68.27 63.92 1 19208
70 68.27 63.92 1 19239
70 68.27 63.92 1 19270
70 68.27 63.92 1 19301
70 68.27 63.92 1 19332
70 68.73 63.92 1 19363
70 68.27 63.92 1 19394
70 68.27 63.92 1 19425
70 68.27 63.92 1 19456
70 68.27 63.92 1 19487
70 68.27 63.92 1 19518
70 68.73 63.92 1 19549
70 68.27 63.92 1 19580
70 68.27 63.92 1 19611
70 68.27 63.92 1 19642
70 68.27 63.92 1 19673
70 68.27 63.92 1 19704
70 68.27 63.92 1 19735
70 68.27 63.92 1 19766
70 68.27 63.92 1 19798
70 68.27 63.92 1 19829
70 68.27 63.92 1 19860
70 68.27 63.92 1 19891
70 68.27 63.92 1 19922
70 68.27 63.92 1 19953
70 68.27 63.92 1 19984
70 68.27 63.92 1 20015
70 68.73 63.92 1 20046
70 68.73 63.92 1 20077
70 68.73 63.92 1 20108
70 68.27 63.92 1 20139
70 68.27 63.92 1 20170
70 68.27 63.92 1 20201
70 68.27 63.92 1 20232
70 68.27 63.92 1 20263
70 68.27 63.92 1 20294
70 68.27 63.92 1 20325
70 68.27 63.92 1 20356
70 68.73 63.92 1 20387
70 68.27 63.92 1 20418
70 68.73 63.92 1 20449
70 68.27 63.92 1 20480
70 68.27 63.92 1 20511
70 68.27 63.92 1 20542
70 68.27 63.92 1 20573
70 68.27 63.92 1 20604
70 68.27 63.92 1 20635
70 68.27 63.92 1 20666
70 68.27 63.92 1 20697
70 68.73 63.92 1 20728
70 68.27 63.92 1 20759
70 68.27 63.92 1 20790
70 68.27 63.92 1 20822
70 68.27 63.92 1 20853
70 68.27 63.92 1 20884
70 68.27 63.92 1 20915
70 68.27 63.92 1 20946
70 68.27 63.92 1 20977
70 68.27 63.92 1 21008
70 68.27 63.92 1 21039
70 68.27 63.92 1 21070
70 68.73 63.92 1 21101
70 68.73 63.92 1 21132
70 68.73 63.92 1 21163
70 68.27 63.92 1 21194
70 68.27 63.92 1 21225
70 68.27 63.92 1 21256
70 68.27 63.92 1 21287
70 68.27 63.92 1 21318
70 68.27 63.92 1 21349
70 68.27 63.92 1 21380
70 68.73 63.92 1 21411
70 68.27 63.92 1 21442
70 68.27 63.92 1 21473
70 68.27 63.92 1 21504
70 68.27 63.92 1 21535
70 68.27 63.92 1 21566
70 68.27 63.92 1 21597
70 68.27 63.92 1 21628
70 68.27 63.92 1 21659
70 68.27 63.92 1 21690
70 68.27 63.92 1 21721
70 68.27 63.92 1 21752
70 68.27 63.92 1 21783
70 68.27 63.92 1 21814
70 68.27 63.92 1 21846
70 68.27 63.92 1 21877
70 68.27 63.92 1 21908
70 68.27 63.92 1 21939
70 68.73 63.92 1 21970
70 68.27 63.92 1 22001
70 68.27 63.92 1 22032
70 68.27 63.92 1 22063
70 68.27 63.92 1 22094
70 68.73 63.92 1 22125
70 68.27 63.92 1 22156
70 68.73 63.92 1 22187
70 68.27 63.92 1 22218
70 68.27 63.92 1 22249
70 68.27 63.92 1 22280
70 68.27 63.92 1 22311
70 68.27 63.92 1 22342
70 68.27 63.92 1 22373
70 68.27 63.92 1 22404
70 68.73 63.92 1 22435
70 68.73 63.92 1 22466
70 68.73 63.92 1 22497
70 68.73 63.92 1 22528
70 68.27 63.92 1 22559
70 68.27 63.92 1 22590
70 68.27 63.92 1 22621
70 68.27 63.92 1 22652
70 68.27 63.92 1 22683
70 68.27 63.92 1 22714
70 68.27 63.92 1 22745
70 68.27 63.92 1 22776
70 68.27 63.92 1 22807
70 68.27 63.92 1 22838
70 68.27 63.92 1 22870
70 68.27 63.92 1 22901
70 68.27 63.92 1 22932
70 68.27 63.92 1 22963
70 68.73 63.92 1 22994
70 68.27 63.92 1 23025
70 68.27 63.92 1 23056
70 68.27 63.92 1 23087
70 68.27 63.92 1 23118
70 68.27 63.92 1 23149
70 68.27 63.92 1 23180
70 68.27 63.92 1 23211
70 68.27 63.92 1 23242
70 68.27 63.92 1 23273
70 68.27 63.92 1 23304
70 68.27 63.92 1 23335
70 68.27 63.92 1 23366
70 68.27 63.92 1 23397
70 68.27 63.92 1 23428
70 68.73 63.92 1 23459
70 68.73 63.92 1 23490
70 68.73 63.92 1 23521
70 68.27 63.92 1 23552
70 68.27 63.92 1 23583
70 68.27 63.92 1 23614
70 68.27 63.92 1 23645
70 68.27 63.92 1 23676
70 68.27 63.92 1 23707
70 68.27 63.92 1 23738
70 68.27 63.92 1 23769
70 68.73 63.92 1 23800
70 68.27 63.92 1 23831
70 68.27 63.92 1 23862
70 68.27 63.92 1 23894
70 68.27 63.92 1 23925
70 68.27 63.92 1 23956
70 68.27 63.92 1 23987
70 68.73 63.92 1 24018
70 68.73 63.92 1 24049
70 68.27 63.92 1 24080
70 68.27 63.92 1 24111
70 68.27 63.92 1 24142
70 68.27 63.92 1 24173
70 68.73 63.92 1 24204
70 68.27 63.92 1 24235
70 68.27 63.92 1 24266
70 68.27 63.92 1 24297
70 68.27 63.92 1 24328
70 68.73 63.92 1 24359
70 68.27 63.92 1 24390
70 68.27 63.92 1 24421
70 68.27 63.92 1 24452
70 68.73 63.92 1 24483
70 68.73 63.92 1 24514
70 68.73 63.92 1 24545
70 68.27 63.92 1 24576
70 68.27 63.92 1 24607
70 68.27 63.92 1 24638
70 68.27 63.92 1 24669
70 68.27 63.92 1 24700
70 68.27 63.92 1 24731
70 68.27 63.92 1 24762
70 68.27 63.92 1 24793
70 68.73 63.92 1 24824
35 68.27 30.59 1 24855
35 37.37 30.59 1 24886
35 35.71 30.59 1 24918
35 35.31 30.59 1 24949
35 35.31 30.59 1 24980
35 35.11 30.59 1 25011
35 35.11 30.59 1 25042
35 35.11 30.59 1 25073
35 35.11 30.59 1 25104
35 35.11 30.59 1 25135
35 35.11 30.59 1 25166
35 35.11 30.59 1 25197
35 35.11 30.59 1 25228
35 35.11 30.59 1 25259
35 34.92 30.59 1 25290
35 34.92 30.59 1 25321
35 34.92 30.59 1 25352
35 35.11 30.59 1 25383
35 35.11 30.59 1 25414
35 35.11 30.59 1 25445
35 35.11 30.59 1 25476
35 35.11 30.59 1 25507
35 35.11 30.59 1 25538
35 35.11 30.59 1 25569
35 35.11 30.59 1 25600
35 34.92 30.59 1 25631
35 34.92 30.59 1 25662
35 34.92 30.59 1 25693
35 35.11 30.59 1 25724
35 35.11 30.59 1 25755
35 35.11 30.59 1 25786
35 34.92 30.59 1 25817
35 35.11 30.59 1 25848
35 35.11 30.59 1 25879
35 35.11 30.59 1 25910
35 34.92 30.59 1 25942
35 35.11 30.59 1 25973
35 35.11 30.59 1 26004
35 34.92 30.59 1 26035
35 35.11 30.59 1 26066
35 35.11 30.59 1 26097
35 35.11 30.59 1 26128
35 35.11 30.59 1 26159
35 34.92 30.59 1 26190
35 35.11 30.59 1 26221
35 34.92 30.59 1 26252
35 35.11 30.59 1 26283
35 34.92 30.59 1 26314
35 34.92 30.59 1 26345
35 34.92 30.59 1 26376
35 35.11 30.59 1 26407
35 35.11 30.59 1 26438
35 35.11 30.59 1 26469
35 35.11 30.59 1 26500
35 35.11 30.59 1 26531
35 35.11 30.59 1 26562
35 35.11 30.59 1 26593
35 35.11 30.59 1 26624
35 34.92 30.59 1 26655
35 34.92 30.59 1 26686
35 34.92 30.59 1 26717
35 35.11 30.59 1 26748
35 35.11 30.59 1 26779
35 35.11 30.59 1 26810
35 34.92 30.59 1 26841
35 35.11 30.59 1 26872
35 35.11 30.59 1 26903
35 35.11 30.59 1 26934
35 34.92 30.59 1 26966
35 35.11 30.59 1 26997
35 35.11 30.59 1 27028
35 35.11 30.59 1 27059
35 35.11 30.59 1 27090
35 35.11 30.59 1 27121
35 35.11 30.59 1 27152
35 35.11 30.59 1 27183
35 34.92 30.59 1 27214
35 34.92 30.59 1 27245
35 35.11 30.59 1 27276
35 35.11 30.59 1 27307
35 35.11 30.59 1 27338
35 34.92 30.59 1 27369
35 34.92 30.59 1 27400
35 35.11 30.59 1 27431
35 35.11 30.59 1 27462
35 35.11 30.59 1 27493
35 35.11 30.59 1 27524
35 35.11 30.59 1 27555
35 35.11 30.59 1 27586
35 35.11 30.59 1 27617
35 35.11 30.59 1 27648
35 35.11 30.59 1 27679
35 34.92 30.59 1 27710
35 35.11 30.59 1 27741
35 35.11 30.59 1 27772
35 35.11 30.59 1 27803
35 35.11 30.59 1 27834
35 35.11 30.59 1 27865
35 35.11 30.59 1 27896
35 35.11 30.59 1 27927
35 35.11 30.59 1 27958
35 34.92 30.59 1 27990
35 35.11 30.59 1 28021
35 35.11 30.59 1 28052
35 35.11 30.59 1 28083
35 35.11 30.59 1 28114
35 35.11 30.59 1 28145
35 35.11 30.59 1 28176
35 35.11 30.59 1 28207
35 35.11 30.59 1 28238
35 34.92 30.59 1 28269
35 35.11 30.59 1 28300
35 35.11 30.59 1 28331
35 35.11 30.59 1 28362
35 35.11 30.59 1 28393
35 35.11 30.59 1 28424
35 35.11 30.59 1 28455
35 35.11 30.59 1 28486
35 35.11 30.59 1 28517
35 35.11 30.59 1 28548
35 35.11 30.59 1 28579
35 35.11 30.59 1 28610
35 35.11 30.59 1 28641
35 35.11 30.59 1 28672
35 35.11 30.59 1 28703
35 34.92 30.59 1 28734
35 34.92 30.59 1 28765
35 35.11 30.59 1 28796
35 35.11 30.59 1 28827
35 35.11 30.59 1 28858
35 35.11 30.59 1 28889
35 35.11 30.59 1 28920
35 35.11 30.59 1 28951
35 35.11 30.59 1 28982
35 34.92 30.59 1 29014
35 35.11 30.59 1 29045
35 35.11 30.59 1 29076
35 35.11 30.59 1 29107
35 35.11 30.59 1 29138
35 35.11 30.59 1 29169
35 35.11 30.59 1 29200
35 35.31 30.59 1 29231
35 35.11 30.59 1 29262
35 35.11 30.59 1 29293
35 35.11 30.59 1 29324
35 35.11 30.59 1 29355
35 35.11 30.59 1 29386
35 35.11 30.59 1 29417
35 35.11 30.59 1 29448
35 35.11 30.59 1 29479
35 35.11 30.59 1 29510
35 35.31 30.59 1 29541
35 35.11 30.59 1 29572
35 35.11 30.59 1 29603
35 35.11 30.59 1 29634
35 35.11 30.59 1 29665
35 35.11 30.59 1 29696
35 35.11 30.59 1 29727
35 35.11 30.59 1 29758
35 35.11 30.59 1 29789
35 35.11 30.59 1 29820
35 35.11 30.59 1 29851
35 35.11 30.59 1 29882
35 35.11 30.59 1 29913
35 35.11 30.59 1 29944
35 35.11 30.59 1 29975
35 35.11 30.59 1 30006
35 35.11 30.59 1 30038
35 35.11 30.59 1 30069
35 35.31 30.59 1 30100
35 35.11 30.59 1 30131
35 35.11 30.59 1 30162
35 35.11 30.59 1 30193
35 35.11 30.59 1 30224
35 35.11 30.59 1 30255
35 35.11 30.59 1 30286
35 35.11 30.59 1 30317