70 0.08 63.92 1 31
70 57.58 63.92 1 62
70 66.02 63.92 1 93
70 67.35 63.92 1 124
70 67.81 63.92 1 155
70 68.27 63.92 1 186
70 68.27 63.92 1 217
70 68.73 63.92 1 248
70 68.73 63.92 1 279
70 68.73 63.92 1 310
70 68.73 63.92 1 342
70 68.73 63.92 1 373
70 68.73 63.92 1 404
70 68.73 63.92 1 435
70 68.73 63.92 1 466
70 68.73 63.92 1 497
70 68.73 63.92 1 528
70 68.73 63.92 1 559
70 68.73 63.92 1 590
70 68.73 63.92 1 621
70 68.73 63.92 1 652
70 68.73 63.92 1 683
70 68.73 63.92 1 714
70 68.73 63.92 1 745
70 68.73 63.92 1 776
70 68.73 63.92 1 807
70 68.73 63.92 1 838
70 68.73 63.92 1 869
70 68.73 63.92 1 900
70 68.73 63.92 1 931
70 68.73 63.92 1 962
70 68.73 63.92 1 993
70 68.73 63.92 1 1024
70 68.73 63.92 1 1055
70 68.73 63.92 1 1086
70 68.73 63.92 1 1117
70 68.73 63.92 1 1148
70 68.73 63.92 1 1179
70 68.73 63.92 1 1210
70 68.73 63.92 1 1241
70 68.73 63.92 1 1272
70 68.73 63.92 1 1303
70 68.73 63.92 1 1334
70 68.73 63.92 1 1366
70 68.73 63.92 1 1397
70 68.73 63.92 1 1428
70 68.73 63.92 1 1459
70 68.73 63.92 1 1490
70 68.73 63.92 1 1521
70 68.73 63.92 1 1552
70 68.73 63.92 1 1583
70 68.73 63.92 1 1614
70 68.73 63.92 1 1645
70 68.73 63.92 1 1676
70 68.73 63.92 1 1707
70 68.73 63.92 1 1738
70 68.73 63.92 1 1769
70 68.73 63.92 1 1800
70 68.73 63.92 1 1831
70 68.73 63.92 1 1862
70 68.73 63.92 1 1893
70 68.73 63.92 1 1924
70 68.73 63.92 1 1955
70 68.73 63.92 1 1986
70 68.73 63.92 1 2017
70 68.73 63.92 1 2048
70 68.27 63.92 1 2079
70 68.73 63.92 1 2110
70 68.73 63.92 1 2141
70 68.73 63.92 1 2172
70 68.73 63.92 1 2203
70 68.73 63.92 1 2234
70 68.73 63.92 1 2265
70 68.73 63.92 1 2296
70 68.73 63.92 1 2327
70 68.73 63.92 1 2358
70 68.73 63.92 1 2390
70 68.73 63.92 1 2421
70 68.73 63.92 1 2452
70 68.73 63.92 1 2483
70 68.73 63.92 1 2514
70 68.73 63.92 1 2545
70 68.73 63.92 1 2576
70 68.73 63.92 1 2607
70 68.73 63.92 1 2638
70 68.73 63.92 1 2669
70 68.73 63.92 1 2700
70 68.73 63.92 1 2731
70 68.73 63.92 1 2762
70 68.73 63.92 1 2793
70 68.73 63.92 1 2824
70 68.73 63.92 1 2855
70 68.73 63.92 1 2886
70 68.73 63.92 1 2917
70 68.73 63.92 1 2948
70 68.73 63.92 1 2979
70 68.73 63.92 1 3010
70 68.73 63.92 1 3041
70 68.73 63.92 1 3072
70 68.27 63.92 1 3103
70 68.73 63.92 1 3134
70 68.73 63.92 1 3165
70 68.73 63.92 1 3196
70 68.73 63.92 1 3227
70 68.73 63.92 1 3258
70 68.73 63.92 1 3289
70 68.73 63.92 1 3320
70 68.73 63.92 1 3351
70 68.73 63.92 1 3382
70 68.73 63.92 1 3414
70 68.73 63.92 1 3445
70 68.73 63.92 1 3476
70 68.73 63.92 1 3507
70 68.73 63.92 1 3538
70 68.73 63.92 1 3569
70 68.73 63.92 1 3600
70 68.73 63.92 1 3631
70 68.27 63.92 1 3662
70 68.73 63.92 1 3693
70 68.73 63.92 1 3724
70 68.73 63.92 1 3755
70 68.73 63.92 1 3786
70 68.73 63.92 1 3817
70 68.73 63.92 1 3848
70 68.73 63.92 1 3879
70 68.73 63.92 1 3910
70 68.73 63.92 1 3941
70 68.73 63.92 1 3972
70 68.73 63.92 1 4003
70 68.73 63.92 1 4034
70 68.73 63.92 1 4065
70 68.73 63.92 1 4096
70 68.73 63.92 1 4127
70 68.27 63.92 1 4158
70 68.73 63.92 1 4189
70 68.73 63.92 1 4220
70 68.73 63.92 1 4251
70 68.73 63.92 1 4282
70 68.73 63.92 1 4313
70 68.73 63.92 1 4344
70 68.73 63.92 1 4375
70 68.73 63.92 1 4406
70 68.27 63.92 1 4438
70 68.73 63.92 1 4469
70 68.73 63.92 1 4500
70 68.73 63.92 1 4531
70 68.73 63.92 1 4562
70 68.73 63.92 1 4593
70 68.73 63.92 1 4624
70 68.73 63.92 1 4655
35 68.73 30.59 1 4686
35 37.59 30.59 1 4717
35 35.71 30.59 1 4748
35 35.51 30.59 1 4779
35 35.31 30.59 1 4810
35 35.31 30.59 1 4841
35 35.31 30.59 1 4872
35 35.31 30.59 1 4903
35 35.31 30.59 1 4934
35 35.31 30.59 1 4965
35 35.31 30.59 1 4996
35 35.11 30.59 1 5027
35 35.11 30.59 1 5058
35 35.11 30.59 1 5089
35 35.11 30.59 1 5120
35 35.11 30.59 1 5151
35 35.11 30.59 1 5182
35 35.11 30.59 1 5213
35 35.31 30.59 1 5244
35 35.31 30.59 1 5275
35 35.11 30.59 1 5306
35 35.11 30.59 1 5337
35 35.11 30.59 1 5368
35 35.11 30.59 1 5399
35 35.11 30.59 1 5430
35 35.11 30.59 1 5462
35 35.31 30.59 1 5493
35 35.11 30.59 1 5524
35 35.11 30.59 1 5555
35 34.92 30.59 1 5586
35 34.72 30.59 1 5617
35 34.72 30.59 1 5648
35 34.53 30.59 1 5679
35 34.14 30.59 1 5710
35 34.14 30.59 1 5741
35 33.95 30.59 1 5772
35 33.76 30.59 1 5803
35 33.39 30.59 1 5834
35 32.83 30.59 1 5865
35 32.29 30.59 1 5896
35 31.58 30.59 1 5927
35 30.89 30.59 1 5958
35 30.22 30.59 1 5989
35 29.40 30.59 1 6020
35 28.30 30.59 1 6051
35 27.39 30.59 1 6082
35 27.24 30.59 1 6113
35 28.30 30.59 1 6144
35 30.55 30.59 1 6175
35 33.57 30.59 1 6206
35 43.97 30.59 1 6237
35 54.40 30.59 1 6268
35 68.73 30.59 1 6299
35 86.69 30.59 1 6330
35 93.41 30.59 1 6361
35 102.48 30.59 1 6392
35 114.74 30.59 1 6423
35 127.00 30.59 1 6454
35 125.91 30.59 1 6486
35 120.64 30.59 1 6517
35 120.64 30.59 1 6548
35 121.67 30.59 1 6579
35 130.37 30.59 1 6610
35 135.06 30.59 1 6641
35 138.74 30.59 1 6672
35 142.58 30.59 1 6703
35 140.01 30.59 1 6734
35 135.06 30.59 1 6765
35 130.37 30.59 1 6796
35 125.91 30.59 1 6827
35 122.71 30.59 1 6858
35 124.83 30.59 1 6889
35 128.11 30.59 1 6920
35 138.74 30.59 1 6951
35 141.28 30.59 1 6982
35 142.58 30.59 1 7013
35 141.28 30.59 1 7044
35 131.52 30.59 1 7075
35 127.00 30.59 1 7106
35 123.76 30.59 1 7137
35 122.71 30.59 1 7168
35 127.00 30.59 1 7199
35 130.37 30.59 1 7230
35 135.06 30.59 1 7261
35 142.58 30.59 1 7292
35 141.28 30.59 1 7323
35 138.74 30.59 1 7354
35 135.06 30.59 1 7385
35 124.83 30.59 1 7416
35 122.71 30.59 1 7447
35 122.71 30.59 1 7478
35 129.23 30.59 1 7510
35 138.74 30.59 1 7541
35 141.28 30.59 1 7572
35 142.58 30.59 1 7603
35 135.06 30.59 1 7634
35 129.23 30.59 1 7665
35 125.91 30.59 1 7696
35 122.71 30.59 1 7727
35 124.83 30.59 1 7758
35 128.11 30.59 1 7789
35 132.68 30.59 1 7820
35 136.27 30.59 1 7851
35 142.58 30.59 1 7882
35 141.28 30.59 1 7913
35 137.50 30.59 1 7944
35 127.00 30.59 1 7975
35 123.76 30.59 1 8006
35 122.71 30.59 1 8037
35 122.71 30.59 1 8068
35 130.37 30.59 1 8099
35 135.06 30.59 1 8130
35 138.74 30.59 1 8161
35 141.28 30.59 1 8192
35 138.74 30.59 1 8223
35 135.06 30.59 1 8254
35 130.37 30.59 1 8285
35 122.71 30.59 1 8316
35 122.71 30.59 1 8347
35 123.76 30.59 1 8378
35 127.00 30.59 1 8409
35 137.50 30.59 1 8440
35 141.28 30.59 1 8471
35 142.58 30.59 1 8502
35 136.27 30.59 1 8534
35 125.91 30.59 1 8565
35 122.71 30.59 1 8596
35 122.71 30.59 1 8627
35 128.11 30.59 1 8658
35 131.52 30.59 1 8689
35 136.27 30.59 1 8720
35 140.01 30.59 1 8751
35 141.28 30.59 1 8782
35 137.50 30.59 1 8813
35 132.68 30.59 1 8844
35 128.11 30.59 1 8875
35 122.71 30.59 1 8906
35 122.71 30.59 1 8937
35 124.83 30.59 1 8968
35 135.06 30.59 1 8999
35 138.74 30.59 1 9030
35 141.28 30.59 1 9061
35 142.58 30.59 1 9092
35 135.06 30.59 1 9123
35 130.37 30.59 1 9154
35 125.91 30.59 1 9185
35 122.71 30.59 1 9216
35 123.76 30.59 1 9247
35 127.00 30.59 1 9278
35 131.52 30.59 1 9309
35 141.28 30.59 1 9340
35 142.58 30.59 1 9371
35 141.28 30.59 1 9402
35 137.50 30.59 1 9433
35 127.00 30.59 1 9464
35 123.76 30.59 1 9495
35 122.71 30.59 1 9526
35 125.91 30.59 1 9558
35 136.27 30.59 1 9589
35 140.01 30.59 1 9620
35 141.28 30.59 1 9651
35 137.50 30.59 1 9682
35 133.86 30.59 1 9713
35 129.23 30.59 1 9744
35 124.83 30.59 1 9775
35 122.71 30.59 1 9806
35 124.83 30.59 1 9837
35 128.11 30.59 1 9868
35 132.68 30.59 1 9899
35 141.28 30.59 1 9930
35 142.58 30.59 1 9961
35 140.01 30.59 1 9992
35 130.37 30.59 1 10023
35 125.91 30.59 1 10054
35 123.76 30.59 1 10085
35 122.71 30.59 1 10116
35 127.00 30.59 1 10147
35 131.52 30.59 1 10178
35 136.27 30.59 1 10209
35 140.01 30.59 1 10240
35 141.28 30.59 1 10271
35 138.74 30.59 1 10302
35 133.86 30.59 1 10333
35 124.83 30.59 1 10364
35 122.71 30.59 1 10395
35 122.71 30.59 1 10426
35 124.83 30.59 1 10457
35 133.86 30.59 1 10488
35 136.27 30.59 1 10519
35 138.74 30.59 1 10550
35 135.06 30.59 1 10582
35 122.71 30.59 1 10613
35 111.03 30.59 1 10644
35 98.56 30.59 1 10675
35 92.01 30.59 1 10706
35 92.71 30.59 1 10737
35 87.33 30.59 1 10768
35 74.61 30.59 1 10799
35 64.29 30.59 1 10830
35 54.40 30.59 1 10861
35 48.98 30.59 1 10892
35 43.46 30.59 1 10923
35 37.80 30.59 1 10954
35 34.53 30.59 1 10985
35 32.47 30.59 1 11016
35 31.58 30.59 1 11047
35 30.38 30.59 1 11078
35 29.08 30.59 1 11109
35 27.39 30.59 1 11140
35 26.09 30.59 1 11171
35 26.23 30.59 1 11202
35 26.51 30.59 1 11233
35 27.09 30.59 1 11264
35 27.84 30.59 1 11295
35 28.30 30.59 1 11326
35 28.76 30.59 1 11357
35 29.08 30.59 1 11388
35 29.56 30.59 1 11419
35 29.89 30.59 1 11450
35 30.38 30.59 1 11481
35 30.72 30.59 1 11512
35 31.23 30.59 1 11543
35 31.58 30.59 1 11574
35 32.29 30.59 1 11606
35 32.65 30.59 1 11637
35 33.20 30.59 1 11668
35 33.76 30.59 1 11699
35 34.14 30.59 1 11730
35 34.53 30.59 1 11761
35 34.72 30.59 1 11792
35 34.92 30.59 1 11823
35 35.11 30.59 1 11854
35 35.11 30.59 1 11885
35 34.92 30.59 1 11916
35 34.92 30.59 1 11947
35 35.11 30.59 1 11978
35 35.11 30.59 1 12009
35 35.11 30.59 1 12040
35 34.92 30.59 1 12071
35 34.92 30.59 1 12102
35 34.92 30.59 1 12133
35 34.92 30.59 1 12164
35 34.92 30.59 1 12195
35 34.92 30.59 1 12226
35 34.92 30.59 1 12257
35 34.92 30.59 1 12288
35 35.11 30.59 1 12319
35 35.11 30.59 1 12350
35 35.11 30.59 1 12381
35 34.92 30.59 1 12412
70 34.92 63.92 1 12443
70 66.02 63.92 1 12474
70 67.81 63.92 1 12505
70 67.81 63.92 1 12536
70 68.27 63.92 1 12567
70 68.27 63.92 1 12598
70 68.27 63.92 1 12630
70 68.27 63.92 1 12661
70 68.27 63.92 1 12692
70 68.73 63.92 1 12723
70 68.27 63.92 1 12754
70 68.27 63.92 1 12785
70 68.27 63.92 1 12816
70 68.27 63.92 1 12847
70 68.73 63.92 1 12878
70 68.27 63.92 1 12909
70 68.27 63.92 1 12940
70 68.27 63.92 1 12971
70 68.73 63.92 1 13002
70 68.73 63.92 1 13033
70 68.73 63.92 1 13064
70 68.27 63.92 1 13095
70 68.27 63.92 1 13126
70 68.27 63.92 1 13157
70 68.27 63.92 1 13188
70 68.27 63.92 1 13219
70 68.27 63.92 1 13250
70 68.27 63.92 1 13281
70 68.27 63.92 1 13312
70 68.73 63.92 1 13343
70 68.73 63.92 1 13374
70 68.73 63.92 1 13405
70 68.27 63.92 1 13436
70 68.27 63.92 1 13467
70 68.73 63.92 1 13498
70 68.73 63.92 1 13529
70 68.27 63.92 1 13560
70 68.27 63.92 1 13591
70 68.27 63.92 1 13622
70 68.73 63.92 1 13654
70 68.73 63.92 1 13685
70 68.27 63.92 1 13716
70 68.73 63.92 1 13747
70 68.27 63.92 1 13778
70 68.27 63.92 1 13809
70 68.27 63.92 1 13840
70 68.27 63.92 1 13871
70 68.73 63.92 1 13902
70 68.27 63.92 1 13933
70 68.27 63.92 1 13964
70 68.27 63.92 1 13995
70 68.73 63.92 1 14026
70 68.73 63.92 1 14057
70 68.73 63.92 1 14088
70 68.27 63.92 1 14119
70 68.27 63.92 1 14150
70 68.27 63.92 1 14181
70 68.27 63.92 1 14212
70 68.27 63.92 1 14243
70 68.27 63.92 1 14274
70 68.27 63.92 1 14305
70 68.27 63.92 1 14336
70 68.73 63.92 1 14367
70 68.73 63.92 1 14398
70 68.73 63.92 1 14429
70 68.27 63.92 1 14460
70 68.27 63.92 1 14491
70 68.73 63.92 1 14522
70 68.73 63.92 1 14553
70 68.27 63.92 1 14584
70 68.27 63.92 1 14615
70 68.27 63.92 1 14646
70 68.73 63.92 1 14678
70 68.27 63.92 1 14709
70 68.27 63.92 1 14740
70 68.27 63.92 1 14771
70 68.27 63.92 1 14802
70 68.27 63.92 1 14833
70 68.27 63.92 1 14864
70 68.27 63.92 1 14895
70 68.73 63.92 1 14926
70 68.73 63.92 1 14957
70 68.27 63.92 1 14988
70 68.27 63.92 1 15019
70 68.27 63.92 1 15050
70 68.73 63.92 1 15081
70 68.73 63.92 1 15112
70 68.27 63.92 1 15143
70 68.27 63.92 1 15174
70 68.27 63.92 1 15205
70 68.27 63.92 1 15236
70 68.27 63.92 1 15267
70 68.27 63.92 1 15298
70 68.27 63.92 1 15329
70 68.27 63.92 1 15360
70 68.73 63.92 1 15391
70 68.73 63.92 1 15422
70 68.73 63.92 1 15453
70 68.27 63.92 1 15484
70 68.27 63.92 1 15515
70 68.73 63.92 1 15546
70 68.27 63.92 1 15577
70 68.27 63.92 1 15608
70 68.27 63.92 1 15639
70 68.27 63.92 1 15670
70 68.73 63.92 1 15702
70 68.27 63.92 1 15733
70 68.73 63.92 1 15764
70 68.27 63.92 1 15795
70 68.27 63.92 1 15826
70 68.27 63.92 1 15857
70 68.27 63.92 1 15888
70 68.27 63.92 1 15919
70 68.73 63.92 1 15950
70 68.73 63.92 1 15981
70 68.73 63.92 1 16012
70 68.73 63.92 1 16043
70 68.73 63.92 1 16074
70 68.27 63.92 1 16105
70 68.73 63.92 1 16136
70 68.27 63.92 1 16167
70 68.27 63.92 1 16198
70 68.27 63.92 1 16229
70 68.27 63.92 1 16260
70 68.73 63.92 1 16291
70 68.27 63.92 1 16322
70 68.27 63.92 1 16353
70 68.27 63.92 1 16384
70 68.73 63.92 1 16415
70 68.73 63.92 1 16446
70 68.73 63.92 1 16477
70 68.27 63.92 1 16508
70 68.27 63.92 1 16539
70 68.27 63.92 1 16570
70 68.27 63.92 1 16601
70 68.27 63.92 1 16632
70 68.27 63.92 1 16663
70 68.27 63.92 1 16694
70 68.73 63.92 1 16726
70 68.27 63.92 1 16757
70 68.27 63.92 1 16788
70 68.27 63.92 1 16819
70 68.27 63.92 1 16850
70 68.27 63.92 1 16881
70 68.27 63.92 1 16912
70 68.27 63.92 1 16943
70 68.73 63.92 1 16974
70 68.73 63.92 1 17005
70 68.73 63.92 1 17036
70 68.27 63.92 1 17067
70 68.27 63.92 1 17098
70 68.27 63.92 1 17129
70 68.73 63.92 1 17160
70 68.27 63.92 1 17191
70 68.27 63.92 1 17222
70 68.27 63.92 1 17253
70 68.27 63.92 1 17284
70 68.73 63.92 1 17315
70 68.27 63.92 1 17346
70 68.27 63.92 1 17377
70 68.27 63.92 1 17408
70 68.73 63.92 1 17439
70 68.73 63.92 1 17470
70 68.73 63.92 1 17501
70 68.27 63.92 1 17532
70 68.27 63.92 1 17563
70 68.27 63.92 1 17594
70 68.27 63.92 1 17625
70 68.27 63.92 1 17656
70 68.27 63.92 1 17687
70 68.27 63.92 1 17718
70 68.73 63.92 1 17750
70 68.27 63.92 1 17781
70 68.27 63.92 1 17812
70 68.73 63.92 1 17843
70 68.27 63.92 1 17874
70 68.27 63.92 1 17905
70 68.27 63.92 1 17936
70 68.27 63.92 1 17967
70 68.73 63.92 1 17998
70 68.73 63.92 1 18029
70 68.73 63.92 1 18060
70 68.73 63.92 1 18091
70 68.27 63.92 1 18122
70 68.73 63.92 1 18153
70 68.73 63.92 1 18184
70 68.27 63.92 1 18215
70 68.27 63.92 1 18246
70 68.27 63.92 1 18277
70 68.27 63.92 1 18308
70 68.73 63.92 1 18339