35 0.08 30.59 1 31
35 26.51 36.47 1 62
35 38.02 30.98 1 93
35 35.11 32.16 1 124
35 36.53 30.98 1 155
35 35.71 31.37 1 186
35 36.12 30.59 1 217
35 34.53 31.37 1 248
35 35.51 30.98 1 279
35 35.51 30.98 1 310
35 35.31 30.98 1 342
35 35.71 30.59 1 373
35 35.51 30.20 1 404
35 35.31 30.20 1 435
35 34.14 30.98 1 466
35 35.11 30.59 1 497
35 34.92 30.59 1 528
35 35.11 30.59 1 559
35 35.11 30.59 1 590
35 34.92 30.59 1 621
35 34.72 30.98 1 652
35 34.92 30.98 1 683
35 36.12 30.20 1 714
35 35.31 30.20 1 745
35 35.11 30.20 1 776
35 34.72 30.59 1 807
35 35.31 30.20 1 838
35 34.92 30.20 1 869
35 35.11 30.20 1 900
35 34.14 30.98 1 931
35 34.92 30.59 1 962
35 34.72 30.59 1 993
35 34.72 30.98 1 1024
35 35.92 30.20 1 1055
35 34.92 30.59 1 1086
35 35.11 30.59 1 1117
35 35.51 30.20 1 1148
35 35.11 30.20 1 1179
35 35.31 30.20 1 1210
35 35.31 29.80 1 1241
35 33.95 30.98 1 1272
35 35.11 30.20 1 1303
35 34.72 30.59 1 1334
35 35.11 30.20 1 1366
35 34.92 30.59 1 1397
35 35.51 30.20 1 1428
35 35.31 30.20 1 1459
35 34.33 30.59 1 1490
35 34.72 30.59 1 1521
35 34.72 30.59 1 1552
35 35.11 30.59 1 1583
35 35.31 30.20 1 1614
35 34.72 30.59 1 1645
35 34.92 30.59 1 1676
35 34.72 30.59 1 1707
35 35.71 30.20 1 1738
35 35.31 30.20 1 1769
35 35.31 30.20 1 1800
35 34.53 30.59 1 1831
35 35.11 30.20 1 1862
35 35.11 30.20 1 1893
35 35.11 30.20 1 1924
35 34.33 30.59 1 1955
35 34.53 30.59 1 1986
35 34.72 30.98 1 2017
35 35.11 30.59 1 2048
35 35.51 30.20 1 2079
35 35.11 30.59 1 2110
35 35.11 30.20 1 2141
35 34.92 30.59 1 2172
35 35.51 30.20 1 2203
35 35.31 30.20 1 2234
35 35.31 29.80 1 2265
35 33.95 30.98 1 2296
35 35.11 30.20 1 2327
35 34.53 30.59 1 2358
35 35.31 30.20 1 2390
35 35.11 30.20 1 2421
35 35.11 30.20 1 2452
35 35.31 30.20 1 2483
35 34.14 30.98 1 2514
35 34.92 30.59 1 2545
35 34.72 30.59 1 2576
35 34.92 30.59 1 2607
35 35.31 30.59 1 2638
35 35.31 30.20 1 2669
35 34.72 30.59 1 2700
35 34.92 30.59 1 2731
35 35.71 30.20 1 2762
35 35.31 30.20 1 2793
35 35.31 30.20 1 2824
35 34.33 30.59 1 2855
35 34.92 30.59 1 2886
35 35.31 30.20 1 2917
35 34.92 30.20 1 2948
35 34.53 30.59 1 2979
35 34.72 30.59 1 3010
35 34.53 30.98 1 3041
35 34.92 30.59 1 3072
35 35.71 30.20 1 3103
35 35.11 30.59 1 3134
35 35.31 30.20 1 3165
35 35.11 30.20 1 3196
35 34.92 30.59 1 3227
35 35.51 30.20 1 3258
35 35.31 30.20 1 3289
35 34.14 30.59 1 3320
35 34.72 30.59 1 3351
35 34.72 30.59 1 3382
35 35.51 30.20 1 3414
35 34.92 30.59 1 3445
35 35.31 30.20 1 3476