
35 0.07 23.92 0 31
35 18.46 21.57 0 62
35 23.43 23.14 0 93
35 26.09 24.71 0 124
35 28.14 26.27 0 155
35 30.05 26.67 0 186
35 30.55 27.84 0 217
35 32.11 28.24 0 248
35 32.65 28.63 0 279
35 33.01 29.02 0 310
35 33.39 29.41 0 342
35 33.95 29.41 0 373
35 33.95 29.41 0 404
35 33.95 29.80 0 435
35 34.53 29.80 0 466
35 34.53 29.80 0 497
35 34.53 29.80 0 528
35 34.53 29.80 0 559
35 34.33 30.20 0 590
35 34.72 30.20 0 621
35 34.92 29.80 0 652
35 34.53 30.20 0 683
35 34.92 30.20 0 714
35 34.92 30.20 0 745
35 34.72 30.20 0 776
35 35.11 29.80 0 807
35 34.53 30.20 0 838
35 34.92 30.20 0 869
35 34.92 30.20 0 900
35 34.92 30.20 0 931
35 34.92 30.20 0 962
35 34.92 30.20 0 993
35 34.92 30.20 0 1024
35 34.92 30.20 0 1055
35 34.92 30.20 0 1086
35 34.92 30.20 0 1117
35 34.92 30.20 0 1148
35 34.92 30.20 0 1179
35 34.92 30.20 0 1210
35 34.92 30.20 0 1241
35 34.92 30.20 0 1272
35 35.11 30.20 0 1303
35 35.11 30.20 0 1334
35 34.92 30.20 0 1366
35 34.92 30.20 0 1397
35 34.92 30.20 0 1428
35 34.92 30.20 0 1459
35 34.92 30.20 0 1490
35 34.92 30.20 0 1521
35 35.11 30.20 0 1552
35 35.11 30.20 0 1583
35 34.92 30.20 0 1614
35 34.92 30.20 0 1645
35 34.92 30.20 0 1676
35 34.92 30.20 0 1707
35 34.92 30.20 0 1738
35 34.92 30.20 0 1769
35 34.92 30.20 0 1800
35 34.92 30.20 0 1831
35 34.92 30.20 0 1862
35 34.92 30.20 0 1893
35 34.92 30.20 0 1924
35 34.92 30.20 0 1955
35 34.92 30.20 0 1986
35 35.11 30.20 0 2017
35 35.11 30.20 0 2048
35 34.92 30.20 0 2079
35 34.92 30.20 0 2110
35 34.92 30.20 0 2141
35 34.92 30.20 0 2172
35 34.92 30.20 0 2203
35 34.92 30.20 0 2234
35 34.92 30.20 0 2265
35 34.92 30.20 0 2296
35 35.11 30.20 0 2327
35 35.11 30.20 0 2358
35 34.92 30.20 0 2390
35 35.11 30.20 0 2421
35 34.92 30.20 0 2452
35 34.92 30.20 0 2483
35 34.92 30.20 0 2514
35 34.92 30.20 0 2545
35 34.92 30.20 0 2576
35 35.11 30.20 0 2607
35 34.92 30.20 0 2638
35 34.92 30.20 0 2669
35 34.92 30.20 0 2700
35 34.92 30.20 0 2731
35 34.92 30.20 0 2762
35 34.92 30.20 0 2793
35 34.92 30.20 0 2824
35 35.11 30.20 0 2855
35 35.11 30.20 0 2886
35 35.11 30.20 0 2917
35 35.11 30.20 0 2948
35 34.92 30.20 0 2979
35 34.92 30.20 0 3010
35 34.92 30.20 0 3041
35 34.92 30.20 0 3072
35 34.92 30.20 0 3103
35 34.92 30.20 0 3134
35 34.92 30.20 0 3165
35 35.11 30.20 0 3196
35 35.11 30.20 0 3227
35 34.92 30.20 0 3258
35 34.92 30.20 0 3289
35 34.92 30.20 0 3320
35 35.11 30.20 0 3351
35 35.11 30.20 0 3382
35 34.92 30.20 0 3414
35 35.11 30.20 0 3445
35 34.92 30.20 0 3476
35 34.92 30.20 0 3507
35 34.92 30.20 0 3538
35 34.92 30.20 0 3569
35 34.92 30.20 0 3600
35 35.11 30.20 0 3631
35 34.92 30.20 0 3662
35 34.92 30.20 0 3693
35 34.92 30.20 0 3724
35 34.92 30.20 0 3755
35 34.92 30.20 0 3786
35 34.92 30.20 0 3817
35 34.92 30.20 0 3848
35 35.11 30.20 0 3879
35 35.11 30.20 0 3910
35 35.11 30.20 0 3941
35 35.11 30.20 0 3972
35 34.92 30.20 0 4003
35 34.92 30.20 0 4034
35 34.92 30.20 0 4065
35 34.92 30.20 0 4096
35 34.92 30.20 0 4127
35 34.92 30.20 0 4158
35 34.92 30.20 0 4189
35 35.11 30.20 0 4220
35 35.11 30.20 0 4251
35 34.92 30.20 0 4282
35 34.92 30.20 0 4313
35 34.92 30.20 0 4344
35 34.92 30.20 0 4375
35 35.11 30.20 0 4406
35 34.92 30.20 0 4438
35 35.11 30.20 0 4469
35 35.11 30.20 0 4500
35 34.92 30.20 0 4531
35 34.92 30.20 0 4562
35 34.92 30.20 0 4593
35 35.11 30.20 0 4624
35 35.11 30.20 0 4655
70 34.92 53.73 0 4686
70 57.22 49.41 0 4717
70 54.40 54.90 0 4748
70 59.84 56.08 0 4779
70 61.01 58.04 0 4810
70 63.03 59.22 0 4841
70 64.29 60.78 0 4872
70 66.02 61.18 0 4903
70 66.46 61.96 0 4934
70 67.35 62.35 0 4965
70 67.81 62.75 0 4996
70 67.81 63.53 0 5027
70 68.73 63.14 0 5058
70 68.73 63.53 0 5089
70 68.73 63.92 0 5120
70 69.19 63.92 0 5151
70 69.19 64.31 0 5182
70 69.19 64.31 0 5213
70 69.66 64.31 0 5244
70 69.66 64.31 0 5275
70 69.66 64.31 0 5306
70 69.66 64.31 0 5337
70 69.66 64.31 0 5368
70 69.66 64.31 0 5399
70 69.66 64.31 0 5430
70 69.19 64.71 0 5462
70 70.14 64.31 0 5493
70 69.66 64.71 0 5524
70 69.66 64.71 0 5555
70 70.14 64.31 0 5586
70 69.66 64.71 0 5617
70 70.14 64.71 0 5648
70 70.14 64.71 0 5679
70 69.66 64.71 0 5710
70 69.66 64.71 0 5741
70 69.66 64.71 0 5772
70 69.66 65.10 0 5803
70 70.14 64.71 0 5834
70 69.66 65.10 0 5865
70 70.14 64.71 0 5896
70 70.14 64.71 0 5927
70 70.14 64.71 0 5958
70 70.14 64.71 0 5989
70 70.14 64.71 0 6020
70 69.66 65.10 0 6051
70 70.14 64.71 0 6082
70 69.66 65.10 0 6113
70 70.14 64.71 0 6144
70 69.66 65.10 0 6175
70 69.66 65.10 0 6206
70 69.66 65.10 0 6237
70 69.66 65.10 0 6268
70 69.19 65.49 0 6299
70 68.73 66.27 0 6330
70 69.19 66.27 0 6361
70 68.27 67.06 0 6392
70 68.27 67.45 0 6423
70 66.91 68.63 0 6454
70 66.02 70.20 0 6486
70 65.58 71.76 0 6517
70 64.72 73.33 0 6548
70 63.45 76.08 0 6579
70 62.62 78.43 0 6610
70 61.81 81.18 0 6641
70 62.22 83.14 0 6672
70 62.22 85.49 0 6703
70 67.81 83.92 0 6734
70 76.73 78.43 0 6765
70 88.63 68.63 0 6796
70 100.89 54.51 0 6827
70 104.11 43.14 0 6858
70 117.64 23.92 0 6889
70 124.83 4.71 0 6920
70 122.71 0.00 0 6951
70 119.63 0.00 0 6982
70 116.66 0.00 0 7013
70 112.86 0.00 0 7044
70 107.49 0.00 0 7075
70 107.49 0.00 0 7106
70 109.24 0.00 0 7137
70 112.86 0.00 0 7168
70 121.67 0.00 0 7199
70 123.76 0.00 0 7230
70 124.83 0.00 0 7261
70 119.63 0.00 0 7292
70 115.69 0.00 0 7323
70 111.03 0.00 0 7354
70 108.36 0.00 0 7385
70 108.36 0.00 0 7416
70 111.03 0.00 0 7447
70 113.79 0.00 0 7478
70 122.71 0.00 0 7510
70 124.83 0.00 0 7541
70 121.67 0.00 0 7572
70 117.64 0.00 0 7603
70 108.36 0.00 0 7634
70 107.49 0.00 0 7665
70 107.49 0.00 0 7696
70 109.24 0.00 0 7727
70 117.64 0.00 0 7758
70 120.64 0.00 0 7789
70 123.76 0.00 0 7820
70 124.83 0.00 0 7851
70 120.64 0.00 0 7882
70 115.69 0.00 0 7913
70 111.94 0.00 0 7944
70 106.63 0.00 0 7975
70 107.49 0.00 0 8006
70 110.13 0.00 0 8037
70 112.86 0.00 0 8068
70 121.67 0.00 0 8099
70 124.83 0.00 0 8130
70 124.83 0.00 0 8161
70 123.76 0.00 0 8192
70 113.79 0.00 0 8223
70 110.13 0.00 0 8254
70 107.49 0.00 0 8285
70 108.36 0.00 0 8316
70 111.03 0.00 0 8347
70 114.74 0.00 0 8378
70 118.63 0.00 0 8409
70 124.83 0.00 0 8440
70 124.83 0.00 0 8471
70 122.71 0.00 0 8502
70 112.86 0.00 0 8534
70 106.63 0.00 0 8565
70 107.49 0.00 0 8596
70 109.24 0.00 0 8627
70 117.64 0.00 0 8658
70 121.67 0.00 0 8689
70 123.76 0.00 0 8720
70 124.83 0.00 0 8751
70 119.63 0.00 0 8782
70 114.74 0.00 0 8813
70 111.03 0.00 0 8844
70 108.36 0.00 0 8875
70 108.36 0.00 0 8906
70 110.13 0.00 0 8937
70 113.79 0.00 0 8968
70 122.71 0.00 0 8999
70 124.83 0.00 0 9030
70 124.83 0.00 0 9061
70 122.71 0.00 0 9092
70 112.86 0.00 0 9123
70 109.24 0.00 0 9154
70 107.49 0.00 0 9185
70 106.63 0.00 0 9216
70 111.94 0.00 0 9247
70 115.69 0.00 0 9278
70 119.63 0.00 0 9309
70 124.83 0.00 0 9340
70 123.76 0.00 0 9371
70 121.67 0.00 0 9402
70 117.64 0.00 0 9433
70 108.36 0.00 0 9464
70 106.63 0.00 0 9495
70 107.49 0.00 0 9526
70 113.79 0.00 0 9558
70 121.67 0.00 0 9589
70 124.83 0.00 0 9620
70 124.83 0.00 0 9651
70 118.63 0.00 0 9682
70 113.79 0.00 0 9713
70 110.13 0.00 0 9744
70 107.49 0.00 0 9775
70 108.36 0.00 0 9806
70 111.94 0.00 0 9837
70 114.74 0.00 0 9868
70 118.63 0.00 0 9899
70 123.76 0.00 0 9930
70 121.67 0.00 0 9961
70 118.63 0.00 0 9992
70 105.78 0.00 0 10023
70 88.63 0.00 0 10054
70 75.66 2.35 0 10085
70 66.46 7.06 0 10116
70 51.44 18.04 0 10147
70 46.95 26.67 0 10178
70 44.23 35.69 0 10209
70 45.57 42.35 0 10240
70 43.97 50.59 0 10271
70 45.57 57.65 0 10302
70 48.39 62.75 0 10333
70 50.50 67.84 0 10364
70 53.06 71.76 0 10395
70 55.09 75.69 0 10426
70 57.22 78.43 0 10457
70 59.46 80.78 0 10488
70 60.62 83.14 0 10519
70 62.22 85.10 0 10550
70 63.45 86.27 0 10582
70 64.72 87.45 0 10613
70 66.46 87.84 0 10644
70 68.73 87.06 0 10675
70 70.62 86.27 0 10706
70 72.08 85.10 0 10737
70 73.08 83.92 0 10768
70 72.58 83.53 0 10799
70 72.58 82.75 0 10830
70 73.08 81.57 0 10861
70 73.08 80.78 0 10892
70 74.10 79.22 0 10923
70 74.10 78.04 0 10954
70 74.61 76.47 0 10985
70 74.61 75.29 0 11016
70 74.61 73.73 0 11047
70 74.61 72.55 0 11078
70 74.61 71.37 0 11109
70 74.61 69.80 0 11140
70 74.10 69.02 0 11171
70 74.10 67.84 0 11202
70 72.58 67.45 0 11233
70 72.58 66.67 0 11264
70 71.59 66.67 0 11295
70 71.59 66.27 0 11326
70 71.10 66.27 0 11357
70 71.59 65.88 0 11388
70 71.10 65.49 0 11419
70 70.62 65.49 0 11450
70 70.62 65.49 0 11481
70 70.14 65.88 0 11512
70 70.62 65.49 0 11543
70 70.62 65.10 0 11574
70 70.14 65.49 0 11606
70 70.62 65.10 0 11637
70 70.14 65.49 0 11668
70 70.62 65.10 0 11699
70 70.14 65.10 0 11730
70 70.14 65.10 0 11761
70 70.14 65.10 0 11792
70 70.14 65.10 0 11823
70 70.14 65.10 0 11854
70 70.14 65.10 0 11885
70 70.14 65.10 0 11916
70 70.14 65.10 0 11947
70 70.14 65.10 0 11978
70 70.14 65.10 0 12009
70 70.14 65.10 0 12040
70 70.14 65.10 0 12071
70 70.14 65.10 0 12102
70 70.14 65.10 0 12133
70 70.14 65.10 0 12164
70 70.14 65.10 0 12195
70 70.14 65.10 0 12226
70 69.66 65.49 0 12257
70 70.14 65.10 0 12288
70 70.14 65.10 0 12319
70 70.14 65.10 0 12350
70 70.14 65.10 0 12381
70 70.14 65.10 0 12412
35 70.14 41.57 0 12443
35 48.39 45.88 0 12474
35 51.44 39.61 0 12505
35 45.30 38.82 0 12536
35 44.23 36.47 0 12567
35 41.71 35.69 0 12598
35 40.98 34.12 0 12630
35 39.13 33.73 0 12661
35 38.68 32.94 0 12692
35 38.02 32.16 0 12723
35 36.95 32.16 0 12754
35 36.95 31.37 0 12785
35 36.12 31.37 0 12816
35 36.12 31.37 0 12847
35 36.12 30.98 0 12878
35 35.71 30.98 0 12909
35 35.71 30.98 0 12940
35 35.71 30.59 0 12971
35 35.31 30.98 0 13002
35 35.71 30.59 0 13033
35 35.31 30.59 0 13064
35 35.11 30.59 0 13095
35 35.31 30.59 0 13126
35 35.31 30.59 0 13157
35 35.31 30.59 0 13188
35 35.31 30.59 0 13219
35 35.31 30.59 0 13250
35 35.11 30.59 0 13281
35 35.11 30.59 0 13312
35 35.31 30.59 0 13343
35 35.31 30.20 0 13374
35 34.92 30.59 0 13405
35 35.11 30.59 0 13436
35 35.31 30.20 0 13467
35 34.92 30.59 0 13498
35 35.31 30.20 0 13529
35 34.92 30.59 0 13560
35 35.11 30.59 0 13591
35 35.11 30.59 0 13622
35 35.31 30.20 0 13654
35 34.92 30.59 0 13685
35 35.31 30.20 0 13716
35 34.92 30.59 0 13747
35 35.11 30.20 0 13778
35 34.92 30.59 0 13809
35 35.11 30.20 0 13840
35 34.92 30.59 0 13871
35 35.31 30.20 0 13902
35 34.92 30.59 0 13933
35 35.31 30.20 0 13964
35 34.92 30.20 0 13995
35 34.92 30.20 0 14026
35 34.92 30.20 0 14057
35 34.92 30.20 0 14088
35 34.92 30.20 0 14119
35 34.92 30.20 0 14150
35 34.92 30.20 0 14181
35 34.92 30.20 0 14212
35 34.92 30.20 0 14243
35 34.92 30.20 0 14274
35 34.92 30.20 0 14305
35 34.72 30.59 0 14336
35 35.31 30.20 0 14367
35 35.11 30.20 0 14398
35 34.92 30.20 0 14429
35 34.92 30.20 0 14460
35 34.92 30.20 0 14491
35 34.92 30.20 0 14522
35 34.92 30.20 0 14553
35 34.92 30.20 0 14584
35 34.92 30.20 0 14615
35 34.92 30.20 0 14646
35 34.92 30.20 0 14678
35 34.92 30.20 0 14709
35 34.92 30.20 0 14740
35 34.92 30.20 0 14771
35 34.92 30.20 0 14802
35 34.72 30.59 0 14833
35 35.31 30.20 0 14864
35 34.92 30.20 0 14895
35 34.92 30.20 0 14926
35 34.92 30.20 0 14957
35 34.92 30.20 0 14988
35 34.92 30.20 0 15019
35 34.92 30.20 0 15050
35 34.92 30.20 0 15081
35 34.92 30.20 0 15112
35 34.72 30.59 0 15143
35 35.11 30.20 0 15174
35 34.92 30.20 0 15205
35 34.72 30.59 0 15236
35 35.31 30.20 0 15267
35 34.92 30.20 0 15298
35 34.92 30.20 0 15329
35 34.92 30.20 0 15360
35 34.92 30.20 0 15391
35 34.92 30.20 0 15422
35 34.92 30.20 0 15453
35 34.92 30.20 0 15484
35 34.72 30.59 0 15515
35 35.31 30.20 0 15546
35 34.92 30.20 0 15577
35 34.92 30.20 0 15608
35 34.92 30.20 0 15639
35 34.92 30.20 0 15670
35 34.92 30.20 0 15702
35 34.92 30.20 0 15733
35 34.92 30.20 0 15764
35 34.92 30.20 0 15795
35 34.92 30.20 0 15826
35 34.92 30.20 0 15857
35 34.92 30.20 0 15888
35 34.92 30.20 0 15919
35 34.92 30.20 0 15950
35 34.92 30.20 0 15981
35 34.92 30.20 0 16012
35 34.92 30.20 0 16043
35 34.92 30.20 0 16074
35 34.92 30.20 0 16105
35 34.92 30.20 0 16136
35 34.92 30.20 0 16167
35 34.92 30.20 0 16198
35 34.92 30.20 0 16229
35 34.92 30.20 0 16260
35 34.92 30.20 0 16291
35 34.92 30.20 0 16322
35 34.92 30.20 0 16353
35 34.92 30.20 0 16384
35 34.92 30.20 0 16415
35 35.11 30.20 0 16446
35 34.92 30.20 0 16477
35 34.92 30.20 0 16508
35 34.92 30.20 0 16539