35 34.92 30.20 1 528
35 35.11 30.20 1 559
35 34.92 30.20 1 590
35 34.72 30.59 1 621
35 34.92 30.59 1 652
35 34.72 30.59 1 683
35 35.92 29.80 1 714
35 35.11 30.20 1 745
35 35.31 29.80 1 776
35 34.72 30.20 1 807
35 35.31 29.80 1 838
35 34.72 30.20 1 869
35 35.31 29.80 1 900
35 33.95 30.59 1 931
35 34.92 30.59 1 962
35 35.11 30.20 1 993
35 34.72 30.59 1 1024
35 35.71 29.80 1 1055
35 34.72 30.20 1 1086
35 34.92 30.20 1 1117
35 35.31 30.20 1 1148
35 35.31 30.20 1 1179
35 35.51 29.80 1 1210
35 35.11 29.80 1 1241
35 34.33 30.20 1 1272
35 34.72 30.20 1 1303
35 35.11 30.20 1 1334
35 35.11 30.20 1 1366
35 35.11 30.20 1 1397
35 35.31 29.80 1 1428
35 35.11 29.80 1 1459
35 34.14 30.59 1 1490
35 34.92 30.20 1 1521
35 34.72 30.59 1 1552
35 35.31 30.20 1 1583
35 35.11 30.20 1 1614
35 34.92 30.20 1 1645
35 34.72 30.59 1 1676
35 34.92 30.20 1 1707
35 35.51 30.20 1 1738
35 35.51 29.80 1 1769
35 35.11 29.80 1 1800
35 34.53 30.20 1 1831
35 35.11 30.20 1 1862
35 35.31 29.80 1 1893
35 34.92 30.20 1 1924
35 34.72 30.20 1 1955
35 34.33 30.59 1 1986
35 34.92 30.59 1 2017
35 35.11 30.20 1 2048
35 35.31 30.20 1 2079
35 35.31 30.20 1 2110
35 35.11 30.20 1 2141
35 35.11 30.20 1 2172
35 35.31 29.80 1 2203
35 35.11 29.80 1 2234
35 35.11 29.80 1 2265
35 34.14 30.59 1 2296
35 35.11 30.20 1 2327
35 34.92 30.20 1 2358
35 35.11 30.20 1 2390
35 35.51 29.80 1 2421
35 34.92 30.20 1 2452
35 35.31 29.80 1 2483
35 33.95 30.59 1 2514
35 34.92 30.20 1 2545
35 34.72 30.59 1 2576
35 35.11 30.20 1 2607
35 35.31 30.20 1 2638
35 34.92 30.20 1 2669
35 34.92 30.20 1 2700
35 34.72 30.59 1 2731
35 35.92 29.80 1 2762
35 35.11 29.80 1 2793
35 35.11 29.80 1 2824
35 34.33 30.59 1 2855
35 35.31 29.80 1 2886
35 34.92 30.20 1 2917
35 35.11 30.20 1 2948
35 34.72 30.20 1 2979
35 34.53 30.59 1 3010
35 34.72 30.59 1 3041
35 35.11 30.20 1 3072
35 35.51 30.20 1 3103
35 35.31 29.80 1 3134
35 34.92 30.20 1 3165
35 35.51 29.80 1 3196
35 34.92 30.20 1 3227
35 35.31 29.80 1 3258
35 35.11 29.80 1 3289
35 34.14 30.59 1 3320
35 35.11 30.20 1 3351
35 34.92 30.20 1 3382
35 35.31 29.80 1 3414
35 34.92 30.20 1 3445
35 35.11 29.80 1 3476
35 34.92 30.20 1 3507
35 34.53 30.20 1 3538
35 34.33 30.59 1 3569
35 35.11 30.20 1 3600
35 34.72 30.59 1 3631
35 35.71 29.80 1 3662
35 34.92 30.20 1 3693
35 34.92 30.20 1 3724
35 34.72 30.59 1 3755
35 35.92 29.80 1 3786
35 35.11 30.20 1 3817
35 35.31 29.80 1 3848
35 34.33 30.59 1 3879
35 35.11 30.20 1 3910
35 35.11 30.20 1 3941
35 35.31 29.80 1 3972
35 34.53 30.20 1 4003
35 34.53 30.59 1 4034
35 34.92 30.20 1 4065
35 34.72 30.59 1 4096
35 35.92 29.80 1 4127
35 35.11 30.20 1 4158
35 35.31 29.80 1 4189
35 34.92 30.20 1 4220
35 35.11 29.80 1 4251
35 34.92 30.20 1 4282
35 35.31 29.80 1 4313
35 33.95 30.59 1 4344
35 34.92 30.20 1 4375
35 34.72 30.59 1 4406
35 35.71 29.80 1 4438
35 34.72 30.20 1 4469
35 35.31 29.80 1 4500
35 34.92 30.20 1 4531
35 34.53 30.59 1 4562
35 34.72 30.59 1 4593
35 35.11 30.20 1 4624
35 34.72 30.59 1 4655
35 35.92 29.80 1 4686
35 34.92 30.20 1 4717
35 35.11 30.20 1 4748
35 34.92 30.20 1 4779
35 35.31 29.80 1 4810
35 35.11 29.80 1 4841
35 35.11 29.80 1 4872
35 34.14 30.59 1 4903
35 35.11 30.20 1 4934
35 34.92 30.20 1 4965
35 35.11 30.20 1 4996
35 35.11 30.20 1 5027
35 34.72 30.20 1 5058
35 34.53 30.59 1 5089
35 34.72 30.59 1 5120
35 35.92 29.80 1 5151
35 35.11 30.20 1 5182
35 35.31 29.80 1 5213
35 34.72 30.20 1 5244
35 35.31 29.80 1 5275
35 34.72 30.20 1 5306
35 35.31 29.80 1 5337
35 34.14 30.59 1 5368
35 34.92 30.20 1 5399
35 34.72 30.59 1 5430
35 35.71 29.80 1 5462
35 34.53 30.59 1 5493
35 35.51 29.80 1 5524
35 34.72 30.20 1 5555
35 34.72 30.59 1 5586
35 34.92 30.59 1 5617
35 34.72 30.59 1 5648
35 34.92 30.59 1 5679
35 35.71 29.80 1 5710
35 35.11 30.20 1 5741
35 35.11 30.20 1 5772
35 35.11 30.20 1 5803
35 35.11 30.20 1 5834
35 35.31 29.80 1 5865
35 35.11 29.80 1 5896
35 34.33 30.59 1 5927
35 34.92 30.20 1 5958
35 34.72 30.59 1 5989
35 35.31 30.20 1 6020
35 35.11 30.20 1 6051
35 34.92 30.20 1 6082
35 34.72 30.59 1 6113
35 34.92 30.20 1 6144
35 35.51 29.80 1 6175
35 35.11 30.20 1 6206
35 35.31 29.80 1 6237
35 34.53 30.20 1 6268
35 35.11 30.20 1 6299
35 35.31 29.80 1 6330
35 34.92 30.20 1 6361
35 34.53 30.59 1 6392
35 34.72 30.59 1 6423
35 34.92 30.20 1 6454
35 35.51 29.80 1 6486
35 34.33 30.59 1 6517
35 35.31 30.20 1 6548
35 35.31 30.20 1 6579
35 34.92 30.20 1 6610
35 34.72 30.59 1 6641
35 34.72 30.59 1 6672
35 35.11 30.20 1 6703
35 35.51 29.80 1 6734
35 34.92 30.20 1 6765
35 35.31 29.80 1 6796
35 34.72 30.20 1 6827
35 35.51 29.80 1 6858
35 34.92 30.20 1 6889
35 35.31 29.80 1 6920
35 33.95 30.59 1 6951
35 34.92 30.20 1 6982
35 34.72 30.59 1 7013
35 35.11 30.20 1 7044
35 35.31 30.20 1 7075
35 35.11 30.20 1 7106
35 34.92 30.20 1 7137
35 34.72 30.59 1 7168
35 35.71 29.80 1 7199
35 35.11 30.20 1 7230
35 35.31 29.80 1 7261
35 34.33 30.59 1 7292
35 35.31 29.80 1 7323
35 34.92 30.20 1 7354
35 35.11 30.20 1 7385
35 34.72 30.20 1 7416
35 34.53 30.59 1 7447
35 34.72 30.59 1 7478
35 35.92 29.80 1 7510
35 34.33 30.59 1 7541
35 35.11 30.20 1 7572
35 35.11 30.20 1 7603
35 35.11 30.20 1 7634
35 34.92 30.20 1 7665
35 34.53 30.59 1 7696
35 34.72 30.59 1 7727
35 35.92 29.80 1 7758
35 35.11 30.20 1 7789
35 35.31 29.80 1 7820
35 34.92 30.20 1 7851
35 35.31 29.80 1 7882
35 34.72 30.20 1 7913
35 35.31 29.80 1 7944
35 34.14 30.59 1 7975
35 34.72 30.59 1 8006
35 35.11 30.20 1 8037
35 34.72 30.59 1 8068
35 35.71 29.80 1 8099
35 34.72 30.20 1 8130
35 34.92 30.20 1 8161
35 34.92 30.20 1 8192
35 35.31 30.20 1 8223
35 35.31 30.20 1 8254
35 35.51 29.80 1 8285
35 34.33 30.59 1 8316
35 35.11 30.20 1 8347
35 35.11 30.20 1 8378
35 35.31 29.80 1 8409
35 34.53 30.20 1 8440
35 34.53 30.59 1 8471
35 34.92 30.20 1 8502
35 35.51 29.80 1 8534
35 34.14 30.59 1 8565
35 35.11 30.20 1 8596
35 34.92 30.59 1 8627
35 35.51 30.20 1 8658
35 34.92 30.20 1 8689
35 34.72 30.59 1 8720
35 34.92 30.59 1 8751
35 35.92 29.80 1 8782
35 35.11 30.20 1 8813
35 35.31 29.80 1 8844
35 34.92 30.20 1 8875
35 34.92 30.20 1 8906
35 35.31 29.80 1 8937
35 34.72 30.20 1 8968
35 34.53 30.20 1 8999
35 34.33 30.59 1 9030
35 34.92 30.59 1 9061
35 35.11 30.20 1 9092
35 35.31 30.20 1 9123
35 35.31 30.20 1 9154
35 35.11 30.20 1 9185
35 34.92 30.20 1 9216
35 35.31 29.80 1 9247
35 35.11 29.80 1 9278
35 34.92 30.20 1 9309
35 34.53 30.20 1 9340