35 10.43 16.47 0 31
35 16.52 20.00 0 62
35 21.29 21.96 0 93
35 24.20 23.92 0 124
35 26.66 25.49 0 155
35 28.61 26.67 0 186
35 30.05 27.45 0 217
35 31.23 28.24 0 248
35 32.11 28.63 0 279
35 32.65 29.02 0 310
35 33.20 29.02 0 342
35 33.20 29.41 0 373
35 33.76 29.80 0 404
35 34.14 29.80 0 435
35 34.33 29.80 0 466
35 34.33 29.80 0 497
35 34.33 29.80 0 528
35 34.33 29.80 0 559
35 34.33 30.20 0 590
35 34.72 29.80 0 621
35 34.33 30.20 0 652
35 34.72 30.20 0 683
35 34.72 30.20 0 714
35 34.72 30.20 0 745
35 34.72 30.20 0 776
35 34.92 29.80 0 807
35 34.53 30.20 0 838
35 34.92 29.80 0 869
35 34.53 30.20 0 900
35 34.72 30.20 0 931
35 34.92 29.80 0 962
35 34.53 30.20 0 993
35 34.92 30.20 0 1024
35 34.72 30.20 0 1055
35 34.92 30.20 0 1086
35 34.72 30.20 0 1117
35 34.92 30.20 0 1148
35 34.92 30.20 0 1179
35 34.92 30.20 0 1210
35 34.92 30.20 0 1241
35 34.92 30.20 0 1272
35 34.92 30.20 0 1303
35 34.92 30.20 0 1334
35 34.72 30.20 0 1366
35 34.92 30.20 0 1397
35 34.92 30.20 0 1428
35 34.92 30.20 0 1459
35 34.92 30.20 0 1490
35 34.92 30.20 0 1521
35 34.92 30.20 0 1552
35 34.92 30.20 0 1583
35 34.92 30.20 0 1614
35 34.92 30.20 0 1645
35 34.92 30.20 0 1676
35 34.92 30.20 0 1707
35 34.92 30.20 0 1738
35 34.72 30.20 0 1769
35 34.72 30.20 0 1800
35 34.92 30.20 0 1831
35 34.92 30.20 0 1862
35 34.92 30.20 0 1893
35 34.92 30.20 0 1924
35 34.92 30.20 0 1955
35 34.92 30.20 0 1986
35 34.92 30.20 0 2017
35 34.92 30.20 0 2048
35 34.92 30.20 0 2079
35 34.92 30.20 0 2110
35 34.92 30.20 0 2141
35 34.92 30.20 0 2172
35 34.92 30.20 0 2203
35 34.92 30.20 0 2234
35 34.92 30.20 0 2265
35 34.92 30.20 0 2296
35 34.92 30.20 0 2327
35 34.92 30.20 0 2358
35 34.92 30.20 0 2390
35 34.92 30.20 0 2421
35 34.92 30.20 0 2452
35 34.92 30.20 0 2483
35 34.92 30.20 0 2514
35 34.92 30.20 0 2545
35 34.92 30.20 0 2576
35 34.92 30.20 0 2607
35 34.72 30.20 0 2638
35 34.72 30.20 0 2669
35 34.92 30.20 0 2700
35 34.92 30.20 0 2731
35 34.92 30.20 0 2762
35 34.92 30.20 0 2793
35 34.92 30.20 0 2824
35 34.92 30.20 0 2855
35 34.92 30.20 0 2886
35 34.92 30.20 0 2917
35 34.92 30.20 0 2948
35 34.92 30.20 0 2979
35 34.92 30.20 0 3010
35 34.92 30.20 0 3041
35 34.92 30.20 0 3072
35 34.92 30.20 0 3103
35 34.92 30.20 0 3134
35 34.92 30.20 0 3165
35 34.92 30.20 0 3196
35 34.92 30.20 0 3227
35 34.92 30.20 0 3258
35 34.92 30.20 0 3289
35 34.92 30.20 0 3320
35 34.92 30.20 0 3351
35 34.92 30.20 0 3382
35 34.92 30.20 0 3414
35 34.92 30.20 0 3445
35 34.92 30.20 0 3476
35 34.92 30.20 0 3507
35 34.92 30.20 0 3538
35 34.92 30.20 0 3569
35 34.92 30.20 0 3600
35 34.92 30.20 0 3631
35 34.92 30.20 0 3662
35 34.92 30.20 0 3693
35 34.92 30.20 0 3724
35 34.92 30.20 0 3755
35 34.92 30.20 0 3786
35 34.92 30.20 0 3817
35 34.92 30.20 0 3848
35 34.92 30.20 0 3879
35 34.92 30.20 0 3910
35 34.92 30.20 0 3941
35 34.92 30.20 0 3972
35 34.92 30.20 0 4003
35 34.92 30.20 0 4034
35 34.92 30.20 0 4065
35 34.92 30.20 0 4096
35 34.92 30.20 0 4127
35 34.92 30.20 0 4158
35 34.92 30.20 0 4189
35 34.92 30.20 0 4220
35 34.92 30.20 0 4251
35 34.92 30.20 0 4282
35 34.92 30.20 0 4313
35 34.92 30.20 0 4344
35 35.11 29.80 0 4375
35 34.53 30.20 0 4406
35 34.92 30.20 0 4438
35 34.92 30.20 0 4469
35 34.92 30.20 0 4500
35 34.92 30.20 0 4531
35 34.92 30.20 0 4562
35 34.92 30.20 0 4593
35 34.92 30.20 0 4624
35 34.92 30.20 0 4655
70 34.92 53.73 0 4686
70 57.22 49.02 0 4717
70 54.06 54.90 0 4748
70 59.84 55.69 0 4779
70 60.62 58.43 0 4810
70 63.45 59.22 0 4841
70 64.29 60.39 0 4872
70 65.58 61.18 0 4903
70 66.46 61.57 0 4934
70 66.91 62.35 0 4965
70 67.35 62.75 0 4996
70 67.81 63.14 0 5027
70 68.27 63.53 0 5058
70 68.73 63.53 0 5089
70 68.73 63.92 0 5120
70 68.73 64.31 0 5151
70 69.19 64.31 0 5182
70 69.19 64.31 0 5213
70 69.19 64.31 0 5244
70 69.19 64.71 0 5275
70 69.66 64.31 0 5306
70 69.19 64.71 0 5337
70 69.66 64.31 0 5368
70 69.66 64.31 0 5399
70 69.66 64.31 0 5430
70 69.19 64.71 0 5462
70 70.14 64.31 0 5493
70 69.66 64.71 0 5524
70 69.66 64.71 0 5555
70 69.66 64.71 0 5586
70 69.66 64.71 0 5617
70 69.66 64.71 0 5648
70 70.14 64.31 0 5679
70 69.19 65.10 0 5710
70 69.66 64.71 0 5741
70 69.66 64.71 0 5772
70 69.66 64.71 0 5803
70 69.66 64.71 0 5834
70 69.66 64.71 0 5865
70 69.66 64.71 0 5896
70 69.66 64.71 0 5927
70 69.66 64.71 0 5958
70 69.66 64.71 0 5989
70 69.66 64.71 0 6020
70 69.66 64.71 0 6051
70 69.66 64.71 0 6082
70 69.66 64.71 0 6113
70 69.66 64.71 0 6144
70 69.66 64.71 0 6175
70 69.66 64.71 0 6206
70 69.66 64.71 0 6237
70 69.66 64.71 0 6268
70 69.66 64.71 0 6299
70 69.66 64.71 0 6330
70 69.66 64.71 0 6361
70 69.66 64.71 0 6392
70 69.66 64.71 0 6423
70 69.66 64.71 0 6454
70 69.66 64.71 0 6486
70 69.66 64.71 0 6517
70 69.66 64.71 0 6548
70 69.66 64.71 0 6579
70 69.66 64.71 0 6610
70 69.66 64.71 0 6641
70 69.66 64.71 0 6672
70 69.66 64.71 0 6703
70 69.66 64.71 0 6734
70 69.66 64.71 0 6765
70 69.66 64.71 0 6796
70 69.66 64.71 0 6827
70 69.66 64.71 0 6858
70 69.66 64.71 0 6889
70 69.66 64.71 0 6920
70 69.66 64.71 0 6951
70 69.66 64.71 0 6982
70 69.66 64.71 0 7013
70 69.66 64.71 0 7044
70 69.66 64.71 0 7075
70 69.66 64.71 0 7106
70 69.66 64.71 0 7137
70 69.66 64.71 0 7168
70 69.66 64.71 0 7199
70 69.66 64.71 0 7230
70 69.66 64.71 0 7261
70 69.66 64.71 0 7292
70 69.66 64.71 0 7323
70 69.66 64.71 0 7354
70 69.66 64.71 0 7385
70 69.66 64.71 0 7416
70 69.66 64.71 0 7447
70 69.66 64.71 0 7478
70 69.66 64.71 0 7510
70 69.66 64.71 0 7541
70 69.66 64.71 0 7572
70 69.66 64.71 0 7603
70 69.66 64.71 0 7634
70 69.66 64.71 0 7665
70 69.66 64.71 0 7696
70 69.66 64.71 0 7727
70 69.66 64.71 0 7758
70 69.66 64.71 0 7789
70 69.66 64.71 0 7820
70 69.66 64.71 0 7851
70 69.66 64.71 0 7882
70 69.66 64.71 0 7913
70 69.66 64.71 0 7944
70 69.66 64.71 0 7975
70 69.66 64.71 0 8006
70 69.66 64.71 0 8037
70 69.66 64.71 0 8068
70 69.66 64.71 0 8099
70 69.66 64.71 0 8130
70 69.66 64.71 0 8161
70 69.66 64.71 0 8192
70 69.66 64.71 0 8223
70 69.66 64.71 0 8254
70 69.66 64.71 0 8285
70 69.66 64.71 0 8316
70 69.66 64.71 0 8347
70 69.66 64.71 0 8378
70 69.66 64.71 0 8409
70 69.66 64.71 0 8440
70 69.66 64.71 0 8471
70 69.66 64.71 0 8502
70 69.66 64.71 0 8534
70 69.66 64.71 0 8565
70 69.66 64.71 0 8596
70 69.66 64.71 0 8627
70 69.66 64.71 0 8658
70 69.66 64.71 0 8689
70 69.66 64.71 0 8720
70 69.66 64.71 0 8751
70 69.66 64.71 0 8782
70 69.66 64.71 0 8813
70 69.19 65.10 0 8844
70 69.66 65.10 0 8875
70 70.14 64.71 0 8906
70 69.66 65.10 0 8937
70 70.14 64.71 0 8968
70 69.66 65.10 0 8999
70 70.14 64.71 0 9030
70 69.66 65.10 0 9061
70 70.14 64.71 0 9092
70 69.66 65.10 0 9123
70 69.66 65.10 0 9154
70 69.66 65.10 0 9185
70 70.14 64.71 0 9216
70 69.66 65.10 0 9247
70 69.66 65.10 0 9278
70 69.66 65.10 0 9309
35 70.14 40.78 0 9340
35 47.52 45.88 0 9371
35 51.13 39.61 0 9402
35 45.30 38.82 0 9433
35 43.97 36.86 0 9464
35 41.95 35.69 0 9495
35 40.75 34.51 0 9526
35 39.58 33.33 0 9558
35 38.24 33.33 0 9589
35 38.24 32.16 0 9620
35 37.16 32.16 0 9651
35 36.95 31.76 0 9682
35 36.53 31.37 0 9713
35 36.12 31.37 0 9744
35 36.12 31.37 0 9775
35 36.12 30.98 0 9806
35 35.71 30.98 0 9837
35 35.51 30.98 0 9868
35 35.51 30.98 0 9899
35 35.71 30.98 0 9930
35 35.71 30.59 0 9961
35 35.31 30.98 0 9992
35 35.51 30.59 0 10023
35 35.31 30.98 0 10054
35 35.51 30.59 0 10085
35 35.31 30.98 0 10116
35 35.51 30.59 0 10147
35 35.11 30.98 0 10178
35 35.51 30.59 0 10209
35 35.11 30.98 0 10240
35 35.71 30.59 0 10271
35 35.31 30.59 0 10302
35 35.31 30.59 0 10333
35 35.31 30.59 0 10364
35 35.31 30.59 0 10395
35 35.31 30.59 0 10426
35 35.31 30.59 0 10457
35 35.11 30.59 0 10488
35 35.11 30.59 0 10519
35 35.11 30.59 0 10550
35 35.31 30.59 0 10582
35 35.31 30.59 0 10613
35 35.31 30.59 0 10644
35 35.31 30.59 0 10675
35 35.11 30.59 0 10706
35 35.11 30.59 0 10737
35 35.11 30.59 0 10768
35 35.11 30.59 0 10799
35 35.31 30.59 0 10830
35 35.31 30.59 0 10861
35 35.11 30.59 0 10892
35 35.11 30.59 0 10923
35 35.31 30.59 0 10954
35 35.31 30.59 0 10985
35 35.31 30.59 0 11016
35 35.11 30.59 0 11047
35 35.11 30.59 0 11078