
35 0.07 30.59 1 31
35 24.99 37.25 1 62
35 38.90 30.98 1 93
35 34.92 32.55 1 124
35 36.53 31.37 1 155
35 35.71 31.76 1 186
35 36.12 30.98 1 217
35 35.71 30.98 1 248
35 35.71 30.98 1 279
35 35.71 30.98 1 310
35 35.51 30.98 1 342
35 35.51 30.59 1 373
35 35.31 30.59 1 404
35 35.11 30.98 1 435
35 35.71 30.59 1 466
35 35.31 30.59 1 497
35 35.31 30.59 1 528
35 35.31 30.59 1 559
35 35.11 30.59 1 590
35 35.31 30.59 1 621
35 35.31 30.59 1 652
35 35.31 30.59 1 683
35 35.31 30.20 1 714
35 34.92 30.59 1 745
35 35.11 30.59 1 776
35 35.31 30.20 1 807
35 34.92 30.59 1 838
35 35.31 30.20 1 869
35 34.92 30.59 1 900
35 35.31 30.20 1 931
35 34.92 30.59 1 962
35 35.31 30.20 1 993
35 35.11 30.20 1 1024
35 34.92 30.59 1 1055
35 35.11 30.20 1 1086
35 34.92 30.59 1 1117
35 35.31 30.20 1 1148
35 34.92 30.20 1 1179
35 34.92 30.20 1 1210
35 34.92 30.20 1 1241
35 34.92 30.20 1 1272
35 34.92 30.20 1 1303
35 34.92 30.20 1 1334
35 34.92 30.20 1 1366
35 34.92 30.20 1 1397
35 34.92 30.20 1 1428
35 34.92 30.20 1 1459
35 34.92 30.20 1 1490
35 34.92 30.20 1 1521
35 34.92 30.20 1 1552
35 34.92 30.20 1 1583
35 34.92 30.20 1 1614
35 34.92 30.20 1 1645
35 34.92 30.20 1 1676
35 34.92 30.20 1 1707
35 34.92 30.20 1 1738
35 34.92 30.20 1 1769
35 34.92 30.20 1 1800
35 34.92 30.20 1 1831
35 34.92 30.20 1 1862
35 34.92 30.20 1 1893
35 34.92 30.20 1 1924
35 34.92 30.20 1 1955
35 34.92 30.20 1 1986
35 34.92 30.20 1 2017
35 34.92 30.20 1 2048
35 34.92 30.20 1 2079
35 34.92 30.20 1 2110
35 34.92 30.20 1 2141
35 34.92 30.20 1 2172
35 34.92 30.20 1 2203
35 34.92 30.20 1 2234
35 34.92 30.20 1 2265
35 34.92 30.20 1 2296
35 34.92 30.20 1 2327
35 34.92 30.20 1 2358
35 34.92 30.20 1 2390
35 34.92 30.20 1 2421
35 34.92 30.20 1 2452
35 34.92 30.20 1 2483
35 34.92 30.20 1 2514
35 34.92 30.20 1 2545
35 35.11 30.20 1 2576
35 35.11 30.20 1 2607
35 34.92 30.20 1 2638
35 34.92 30.20 1 2669
35 34.92 30.20 1 2700
35 34.92 30.20 1 2731
35 34.92 30.20 1 2762
35 34.92 30.20 1 2793
35 34.92 30.20 1 2824
35 35.11 30.20 1 2855
35 35.11 30.20 1 2886
35 35.11 30.20 1 2917
35 34.92 30.20 1 2948
35 34.92 30.20 1 2979
35 34.92 30.20 1 3010
35 34.92 30.20 1 3041
35 34.92 30.20 1 3072
35 34.92 30.20 1 3103
35 34.92 30.20 1 3134
35 34.92 30.20 1 3165
35 34.92 30.20 1 3196
35 34.92 30.20 1 3227
35 34.92 30.20 1 3258
35 34.92 30.20 1 3289
35 34.92 30.20 1 3320
35 34.92 30.20 1 3351
35 35.11 30.20 1 3382
35 34.92 30.20 1 3414
35 34.92 30.20 1 3445
35 34.92 30.20 1 3476
35 34.92 30.20 1 3507
35 34.92 30.20 1 3538
35 34.92 30.20 1 3569
35 34.92 30.20 1 3600
35 34.92 30.20 1 3631
35 34.92 30.20 1 3662
35 34.92 30.20 1 3693
35 34.92 30.20 1 3724
35 34.92 30.20 1 3755
35 34.92 30.20 1 3786
35 34.92 30.20 1 3817
35 34.92 30.20 1 3848
35 35.11 30.20 1 3879
35 34.92 30.20 1 3910
35 34.92 30.20 1 3941
35 34.92 30.20 1 3972
35 34.92 30.20 1 4003
35 34.92 30.20 1 4034
35 34.92 30.20 1 4065
35 34.92 30.20 1 4096
35 34.92 30.20 1 4127
35 34.92 30.20 1 4158
35 34.92 30.20 1 4189
35 34.92 30.20 1 4220
35 34.92 30.20 1 4251
35 34.92 30.20 1 4282
35 34.92 30.20 1 4313
35 34.92 30.20 1 4344
35 34.92 30.20 1 4375
35 34.92 30.20 1 4406
35 34.92 30.20 1 4438
35 34.92 30.20 1 4469
35 34.92 30.20 1 4500
35 34.92 30.20 1 4531
35 34.92 30.20 1 4562
35 34.92 30.20 1 4593
35 34.92 30.20 1 4624
35 34.92 30.20 1 4655
70 34.92 63.92 1 4686
70 66.46 65.88 1 4717
70 70.14 64.71 1 4748
70 69.66 64.71 1 4779
70 69.66 65.10 1 4810
70 70.14 64.71 1 4841
70 69.66 65.10 1 4872
70 70.14 64.71 1 4903
70 70.14 64.71 1 4934
70 70.14 64.71 1 4965
70 69.66 65.10 1 4996
70 70.14 64.71 1 5027
70 70.14 64.71 1 5058
70 69.66 65.10 1 5089
70 70.14 64.71 1 5120
70 69.66 65.10 1 5151
70 70.14 64.71 1 5182
70 69.66 65.10 1 5213
70 70.14 64.71 1 5244
70 69.66 65.10 1 5275
70 70.14 65.10 1 5306
70 70.14 65.10 1 5337
70 70.14 65.10 1 5368
70 70.14 65.10 1 5399
70 70.14 65.10 1 5430
70 70.14 65.10 1 5462
70 70.14 65.10 1 5493
70 70.14 65.10 1 5524
70 70.14 65.10 1 5555
70 70.14 65.10 1 5586
70 69.66 65.10 1 5617
70 69.66 65.10 1 5648
70 69.19 65.49 1 5679
70 68.73 66.27 1 5710
70 69.19 66.27 1 5741
70 68.27 67.06 1 5772
70 67.81 67.84 1 5803
70 67.35 68.63 1 5834
70 66.46 69.80 1 5865
70 66.46 70.98 1 5896
70 66.02 72.16 1 5927
70 65.15 74.12 1 5958
70 64.72 75.69 1 5989
70 63.45 78.04 1 6020
70 62.62 80.39 1 6051
70 62.62 82.75 1 6082
70 62.62 85.10 1 6113
70 68.73 82.75 1 6144
70 80.05 75.69 1 6175
70 94.12 63.14 1 6206
70 107.49 46.67 1 6237
70 97.80 41.96 1 6268
70 98.56 33.33 1 6299
70 105.78 19.61 1 6330
70 108.36 7.45 1 6361
70 111.94 0.00 1 6392
70 113.79 0.00 1 6423
70 118.63 0.00 1 6454
70 124.83 0.00 1 6486
70 119.63 0.00 1 6517
70 115.69 0.00 1 6548
70 111.03 0.00 1 6579
70 106.63 0.00 1 6610
70 107.49 0.00 1 6641
70 110.13 0.00 1 6672
70 113.79 0.00 1 6703
70 122.71 0.00 1 6734
70 124.83 0.00 1 6765
70 124.83 0.00 1 6796
70 122.71 0.00 1 6827
70 112.86 0.00 1 6858
70 109.24 0.00 1 6889
70 107.49 0.00 1 6920
70 109.24 0.00 1 6951
70 111.94 0.00 1 6982
70 115.69 0.00 1 7013
70 119.63 0.00 1 7044
70 124.83 0.00 1 7075
70 123.76 0.00 1 7106
70 120.64 0.00 1 7137
70 116.66 0.00 1 7168
70 107.49 0.00 1 7199
70 106.63 0.00 1 7230
70 107.49 0.00 1 7261
70 113.79 0.00 1 7292
70 117.64 0.00 1 7323
70 121.67 0.00 1 7354
70 123.76 0.00 1 7385
70 122.71 0.00 1 7416
70 118.63 0.00 1 7447
70 113.79 0.00 1 7478
70 106.63 0.00 1 7510
70 109.24 0.00 1 7541
70 112.86 0.00 1 7572
70 116.66 0.00 1 7603
70 123.76 0.00 1 7634
70 124.83 0.00 1 7665
70 123.76 0.00 1 7696
70 119.63 0.00 1 7727
70 110.13 0.00 1 7758
70 107.49 0.00 1 7789
70 106.63 0.00 1 7820
70 107.49 0.00 1 7851
70 114.74 0.00 1 7882
70 118.63 0.00 1 7913
70 121.67 0.00 1 7944
70 123.76 0.00 1 7975
70 121.67 0.00 1 8006
70 117.64 0.00 1 8037
70 113.79 0.00 1 8068
70 106.63 0.00 1 8099
70 106.63 0.00 1 8130
70 108.36 0.00 1 8161
70 111.03 0.00 1 8192
70 120.64 0.00 1 8223
70 122.71 0.00 1 8254
70 124.83 0.00 1 8285
70 119.63 0.00 1 8316
70 115.69 0.00 1 8347
70 111.03 0.00 1 8378
70 108.36 0.00 1 8409
70 107.49 0.00 1 8440
70 109.24 0.00 1 8471
70 112.86 0.00 1 8502
70 121.67 0.00 1 8534
70 123.76 0.00 1 8565
70 121.67 0.00 1 8596
70 117.64 0.00 1 8627
70 108.36 0.00 1 8658
70 106.63 0.00 1 8689
70 106.63 0.00 1 8720
70 108.36 0.00 1 8751
70 116.66 0.00 1 8782
70 120.64 0.00 1 8813
70 123.76 0.00 1 8844
70 124.83 0.00 1 8875
70 119.63 0.00 1 8906
70 115.69 0.00 1 8937
70 111.03 0.00 1 8968
70 106.63 0.00 1 8999
70 107.49 0.00 1 9030
70 110.13 0.00 1 9061
70 112.86 0.00 1 9092
70 121.67 0.00 1 9123
70 124.83 0.00 1 9154
70 124.83 0.00 1 9185
70 122.71 0.00 1 9216
70 112.86 0.00 1 9247
70 109.24 0.00 1 9278
70 106.63 0.00 1 9309
70 108.36 0.00 1 9340
70 111.94 0.00 1 9371
70 115.69 0.00 1 9402
70 119.63 0.00 1 9433
70 124.83 0.00 1 9464
70 123.76 0.00 1 9495
70 120.64 0.00 1 9526
70 111.03 0.00 1 9558
70 106.63 0.00 1 9589
70 107.49 0.00 1 9620
70 110.13 0.00 1 9651
70 119.63 0.00 1 9682
70 122.71 0.00 1 9713
70 124.83 0.00 1 9744
70 123.76 0.00 1 9775
70 115.69 0.00 1 9806
70 109.24 0.00 1 9837
70 100.89 0.00 1 9868
70 86.69 0.00 1 9899
70 77.81 0.00 1 9930
70 77.27 0.00 1 9961
70 74.10 0.00 1 9992
70 57.95 0.00 1 10023
70 42.20 0.00 1 10054
70 30.38 0.00 1 10085
70 21.18 0.00 1 10116
70 14.55 0.00 1 10147
70 11.25 0.00 1 10178
70 8.11 0.00 1 10209
70 4.77 0.00 1 10240
70 1.96 0.00 1 10271
70 1.14 0.00 1 10302
70 1.02 0.00 1 10333
70 0.77 0.00 1 10364
70 0.50 0.00 1 10395
70 0.37 0.00 1 10426
70 0.27 0.00 1 10457
70 0.18 0.00 1 10488
70 0.14 0.00 1 10519
70 0.12 0.00 1 10550
70 0.11 0.00 1 10582
70 0.09 0.00 1 10613
70 0.09 0.00 1 10644
70 0.09 0.00 1 10675
70 0.09 0.00 1 10706
70 0.08 0.00 1 10737
70 0.08 0.00 1 10768
70 0.08 0.00 1 10799
70 0.08 0.00 1 10830
70 0.08 0.00 1 10861
70 0.08 0.00 1 10892
70 0.08 0.00 1 10923
70 0.08 0.00 1 10954
70 0.08 0.00 1 10985
70 0.08 0.00 1 11016
70 0.08 0.00 1 11047
70 0.08 0.00 1 11078
70 0.08 0.00 1 11109
70 0.08 0.00 1 11140
70 0.08 0.00 1 11171
70 0.08 0.00 1 11202
70 0.08 0.00 1 11233
70 0.08 0.00 1 11264
70 0.07 0.00 1 11295
70 0.06 0.00 1 11326
70 0.06 0.00 1 11357
70 0.06 0.00 1 11388
70 0.07 0.00 1 11419
70 0.08 0.00 1 11450
70 0.08 0.00 1 11481
70 0.08 0.00 1 11512
70 0.08 0.00 1 11543
70 0.08 0.00 1 11574
70 0.08 0.00 1 11606
70 0.08 0.00 1 11637
70 0.08 0.00 1 11668
70 0.08 0.00 1 11699
70 0.08 0.00 1 11730
70 0.08 0.00 1 11761
70 0.08 0.00 1 11792
70 0.08 0.00 1 11823
70 0.08 0.00 1 11854
70 0.08 0.00 1 11885
70 0.08 0.00 1 11916
70 0.08 0.00 1 11947
70 0.08 0.00 1 11978
70 0.08 0.00 1 12009
70 0.08 0.00 1 12040
70 0.08 0.00 1 12071
70 0.08 0.00 1 12102
70 0.08 0.00 1 12133
70 0.08 0.00 1 12164
70 0.08 0.00 1 12195
70 0.08 0.00 1 12226
70 0.08 0.00 1 12257
70 0.08 0.00 1 12288
70 0.08 14.12 1 12319
70 9.71 28.63 1 12350
70 27.99 34.51 1 12381
70 36.53 41.18 1 12412
70 44.23 45.88 1 12443
70 49.58 50.20 1 12474
70 54.40 52.94 1 12505
70 57.22 55.69 1 12536
70 59.84 57.65 1 12567
70 62.22 59.22 1 12598
70 63.87 60.39 1 12630
70 65.15 61.18 1 12661
70 66.02 61.96 1 12692
70 66.91 62.35 1 12723
70 66.91 63.53 1 12754
70 68.27 63.14 1 12785
70 67.81 63.92 1 12816
70 68.73 63.92 1 12847
70 68.73 64.31 1 12878
70 69.19 64.31 1 12909
70 69.19 64.71 1 12940
70 69.66 64.31 1 12971
70 69.66 64.31 1 13002
70 69.19 64.71 1 13033
70 69.66 64.71 1 13064
70 69.66 64.71 1 13095
70 69.66 64.71 1 13126
70 69.66 64.71 1 13157
70 69.66 64.71 1 13188
70 69.66 64.71 1 13219
70 69.66 65.10 1 13250
70 69.66 65.10 1 13281
70 69.66 65.10 1 13312
70 70.14 64.71 1 13343
70 69.66 65.10 1 13374
70 70.14 64.71 1 13405
70 69.66 65.10 1 13436
70 70.14 64.71 1 13467
70 69.66 65.10 1 13498
70 70.14 64.71 1 13529
70 69.66 65.10 1 13560
70 69.66 65.10 1 13591
70 70.14 65.10 1 13622
70 70.14 65.10 1 13654
70 70.14 65.10 1 13685
70 70.14 65.10 1 13716
70 70.14 65.10 1 13747
70 70.14 65.10 1 13778
70 69.66 65.10 1 13809