
70 0.07 63.92 1 31
70 57.58 72.16 1 62
70 73.59 65.10 1 93
70 69.19 67.06 1 124
70 71.10 65.88 1 155
70 70.14 66.27 1 186
70 70.62 66.27 1 217
70 71.10 65.49 1 248
70 70.62 65.88 1 279
70 70.62 65.49 1 310
70 70.62 65.49 1 342
70 70.14 65.49 1 373
70 70.14 65.49 1 404
70 70.14 65.49 1 435
70 70.62 65.49 1 466
70 70.62 65.10 1 497
70 70.14 65.49 1 528
70 70.62 65.10 1 559
70 70.14 65.10 1 590
70 70.14 65.10 1 621
70 70.14 65.10 1 652
70 70.14 65.10 1 683
70 70.14 65.10 1 714
70 70.14 65.10 1 745
70 69.66 65.49 1 776
70 70.62 65.10 1 807
70 70.14 65.10 1 838
70 70.14 65.10 1 869
70 70.14 65.10 1 900
70 70.14 65.10 1 931
70 70.14 65.10 1 962
70 70.14 65.10 1 993
70 70.14 65.10 1 1024
70 70.14 65.10 1 1055
70 70.14 65.10 1 1086
70 70.14 65.10 1 1117
70 70.14 65.10 1 1148
70 70.14 65.10 1 1179
70 70.14 65.10 1 1210
70 70.14 65.10 1 1241
70 70.14 65.10 1 1272
70 70.14 65.10 1 1303
70 70.14 65.10 1 1334
70 70.14 65.10 1 1366
70 70.14 65.10 1 1397
70 70.14 65.10 1 1428
70 70.14 65.10 1 1459
70 70.14 65.10 1 1490
70 70.14 65.10 1 1521
70 70.14 65.10 1 1552
70 70.62 64.71 1 1583
70 69.66 65.49 1 1614
70 70.62 64.71 1 1645
70 69.66 65.10 1 1676
70 70.14 65.10 1 1707
70 69.66 65.10 1 1738
70 70.14 65.10 1 1769
70 70.14 65.10 1 1800
70 70.14 65.10 1 1831
70 70.14 65.10 1 1862
70 70.62 64.71 1 1893
70 69.66 65.10 1 1924
70 70.14 65.10 1 1955
70 70.14 65.10 1 1986
70 70.14 65.10 1 2017
70 70.14 65.10 1 2048
70 70.14 65.10 1 2079
70 70.14 65.10 1 2110
70 70.14 65.10 1 2141
70 70.14 65.10 1 2172
70 70.14 65.10 1 2203
70 70.14 65.10 1 2234
70 70.14 65.10 1 2265
70 70.14 65.10 1 2296
70 70.14 65.10 1 2327
70 70.14 65.10 1 2358
70 70.14 65.10 1 2390
70 70.14 65.10 1 2421
70 70.14 65.10 1 2452
70 70.14 65.10 1 2483
70 70.14 65.10 1 2514
70 70.14 65.10 1 2545
70 70.14 65.10 1 2576
70 70.14 65.10 1 2607
70 69.66 65.10 1 2638
70 69.66 65.10 1 2669
70 70.14 65.10 1 2700
70 70.14 65.10 1 2731
70 70.14 65.10 1 2762
70 69.66 65.49 1 2793
70 70.14 65.10 1 2824
70 70.14 65.10 1 2855
70 70.14 65.10 1 2886
70 70.14 65.10 1 2917
70 70.14 65.10 1 2948
70 70.14 65.10 1 2979
70 70.14 65.10 1 3010
70 70.14 65.10 1 3041
70 70.14 65.10 1 3072
70 69.66 65.49 1 3103
70 70.14 65.10 1 3134
70 69.66 65.49 1 3165
70 70.62 64.71 1 3196
70 69.66 65.49 1 3227
70 70.14 65.10 1 3258
70 70.14 65.10 1 3289
70 70.14 65.10 1 3320
70 70.14 65.10 1 3351
70 70.14 65.10 1 3382
70 69.66 65.49 1 3414
70 70.62 64.71 1 3445
70 69.66 65.10 1 3476
70 70.14 65.10 1 3507
70 70.14 65.10 1 3538
70 70.14 65.10 1 3569
70 70.14 65.10 1 3600
70 70.14 65.10 1 3631
70 70.14 65.10 1 3662
70 70.14 65.10 1 3693
70 70.14 65.10 1 3724
70 70.14 65.10 1 3755
70 70.14 65.10 1 3786
70 70.14 65.10 1 3817
70 69.66 65.49 1 3848
70 70.62 64.71 1 3879
70 69.66 65.10 1 3910
70 70.14 65.10 1 3941
70 70.14 65.10 1 3972
70 70.14 65.10 1 4003
70 70.14 65.10 1 4034
70 70.14 65.10 1 4065
70 70.14 65.10 1 4096
70 69.66 65.10 1 4127
70 69.66 65.49 1 4158
70 70.14 65.10 1 4189
70 70.14 65.10 1 4220
70 70.14 65.10 1 4251
70 70.14 65.10 1 4282
70 70.14 65.10 1 4313
70 70.14 65.10 1 4344
70 70.14 65.10 1 4375
70 70.14 65.10 1 4406
70 69.66 65.49 1 4438
70 70.62 64.71 1 4469
70 69.66 65.10 1 4500
70 70.14 65.10 1 4531
70 70.14 65.10 1 4562
70 70.14 65.10 1 4593
70 70.14 65.10 1 4624
70 70.14 65.10 1 4655
35 69.66 30.59 1 4686
35 37.80 29.80 1 4717
35 35.11 30.98 1 4748
35 35.92 30.59 1 4779
35 35.51 30.59 1 4810
35 35.31 30.59 1 4841
35 35.31 30.59 1 4872
35 35.31 30.59 1 4903
35 35.31 30.59 1 4934
35 35.31 30.20 1 4965
35 34.92 30.59 1 4996
35 35.11 30.59 1 5027
35 35.11 30.59 1 5058
35 35.31 30.20 1 5089
35 34.92 30.59 1 5120
35 35.11 30.59 1 5151
35 35.11 30.59 1 5182
35 35.11 30.59 1 5213
35 35.31 30.20 1 5244
35 34.92 30.59 1 5275
35 35.31 30.20 1 5306
35 34.92 30.59 1 5337
35 35.11 30.20 1 5368
35 34.92 30.59 1 5399
35 35.31 30.20 1 5430
35 34.72 30.59 1 5462
35 35.11 30.20 1 5493
35 34.53 30.59 1 5524
35 34.72 30.59 1 5555
35 34.33 30.98 1 5586
35 34.14 31.37 1 5617
35 33.95 31.37 1 5648
35 33.20 32.16 1 5679
35 32.83 32.94 1 5710
35 32.65 33.73 1 5741
35 32.29 34.51 1 5772
35 31.76 35.69 1 5803
35 31.41 36.86 1 5834
35 32.29 37.25 1 5865
35 34.33 36.86 1 5896
35 43.20 30.98 1 5927
35 60.23 16.86 1 5958
35 82.98 0.00 1 5989
35 83.58 0.00 1 6020
35 86.06 0.00 1 6051
35 97.80 0.00 1 6082
35 102.48 0.00 1 6113
35 104.94 0.00 1 6144
35 111.94 0.00 1 6175
35 115.69 0.00 1 6206
35 119.63 0.00 1 6237
35 124.83 0.00 1 6268
35 123.76 0.00 1 6299
35 120.64 0.00 1 6330
35 116.66 0.00 1 6361
35 107.49 0.00 1 6392
35 106.63 0.00 1 6423
35 106.63 0.00 1 6454
35 112.86 0.00 1 6486
35 121.67 0.00 1 6517
35 123.76 0.00 1 6548
35 124.83 0.00 1 6579
35 117.64 0.00 1 6610
35 112.86 0.00 1 6641
35 109.24 0.00 1 6672
35 107.49 0.00 1 6703
35 108.36 0.00 1 6734
35 111.03 0.00 1 6765
35 114.74 0.00 1 6796
35 118.63 0.00 1 6827
35 124.83 0.00 1 6858
35 123.76 0.00 1 6889
35 121.67 0.00 1 6920
35 111.03 0.00 1 6951
35 108.36 0.00 1 6982
35 106.63 0.00 1 7013
35 106.63 0.00 1 7044
35 112.86 0.00 1 7075
35 116.66 0.00 1 7106
35 120.64 0.00 1 7137
35 122.71 0.00 1 7168
35 122.71 0.00 1 7199
35 119.63 0.00 1 7230
35 115.69 0.00 1 7261
35 106.63 0.00 1 7292
35 106.63 0.00 1 7323
35 107.49 0.00 1 7354
35 109.24 0.00 1 7385
35 118.63 0.00 1 7416
35 121.67 0.00 1 7447
35 123.76 0.00 1 7478
35 121.67 0.00 1 7510
35 111.94 0.00 1 7541
35 108.36 0.00 1 7572
35 106.63 0.00 1 7603
35 109.24 0.00 1 7634
35 111.94 0.00 1 7665
35 115.69 0.00 1 7696
35 119.63 0.00 1 7727
35 124.83 0.00 1 7758
35 122.71 0.00 1 7789
35 120.64 0.00 1 7820
35 115.69 0.00 1 7851
35 107.49 0.00 1 7882
35 106.63 0.00 1 7913
35 106.63 0.00 1 7944
35 113.79 0.00 1 7975
35 117.64 0.00 1 8006
35 120.64 0.00 1 8037
35 123.76 0.00 1 8068
35 121.67 0.00 1 8099
35 118.63 0.00 1 8130
35 114.74 0.00 1 8161
35 110.13 0.00 1 8192
35 106.63 0.00 1 8223
35 107.49 0.00 1 8254
35 110.13 0.00 1 8285
35 119.63 0.00 1 8316
35 122.71 0.00 1 8347
35 123.76 0.00 1 8378
35 124.83 0.00 1 8409
35 116.66 0.00 1 8440
35 112.86 0.00 1 8471
35 109.24 0.00 1 8502
35 106.63 0.00 1 8534
35 112.86 0.00 1 8565
35 116.66 0.00 1 8596
35 120.64 0.00 1 8627
35 124.83 0.00 1 8658
35 122.71 0.00 1 8689
35 118.63 0.00 1 8720
35 114.74 0.00 1 8751
35 107.49 0.00 1 8782
35 106.63 0.00 1 8813
35 107.49 0.00 1 8844
35 109.24 0.00 1 8875
35 118.63 0.00 1 8906
35 121.67 0.00 1 8937
35 123.76 0.00 1 8968
35 121.67 0.00 1 8999
35 117.64 0.00 1 9030
35 112.86 0.00 1 9061
35 109.24 0.00 1 9092
35 106.63 0.00 1 9123
35 108.36 0.00 1 9154
35 111.03 0.00 1 9185
35 114.74 0.00 1 9216
35 123.76 0.00 1 9247
35 124.83 0.00 1 9278
35 124.83 0.00 1 9309
35 115.69 0.00 1 9340
35 111.94 0.00 1 9371
35 109.24 0.00 1 9402
35 107.49 0.00 1 9433
35 109.24 0.00 1 9464
35 111.94 0.00 1 9495
35 114.74 0.00 1 9526
35 120.64 0.00 1 9558
35 113.79 0.00 1 9589
35 98.56 0.00 1 9620
35 82.38 0.00 1 9651
35 74.61 0.00 1 9682
35 51.76 0.00 1 9713
35 31.41 0.00 1 9744
35 18.07 0.00 1 9775
35 10.48 0.00 1 9806
35 5.26 0.00 1 9837
35 2.85 0.00 1 9868
35 1.98 0.00 1 9899
35 1.40 0.00 1 9930
35 1.02 0.00 1 9961
35 0.75 0.00 1 9992
35 0.61 0.00 1 10023
35 0.50 0.00 1 10054
35 0.32 0.00 1 10085
35 0.20 0.00 1 10116
35 0.15 0.00 1 10147
35 0.13 0.00 1 10178
35 0.11 0.00 1 10209
35 0.10 0.00 1 10240
35 0.09 0.00 1 10271
35 0.09 0.00 1 10302
35 0.09 0.00 1 10333
35 0.09 0.00 1 10364
35 0.09 0.00 1 10395
35 0.09 0.00 1 10426
35 0.08 0.00 1 10457
35 0.08 0.00 1 10488
35 0.08 0.00 1 10519
35 0.08 0.00 1 10550
35 0.08 0.00 1 10582
35 0.08 0.00 1 10613
35 0.08 0.00 1 10644
35 0.08 0.00 1 10675
35 0.08 0.00 1 10706
35 0.08 0.00 1 10737
35 0.08 0.00 1 10768
35 0.08 0.00 1 10799
35 0.08 0.00 1 10830
35 0.08 0.00 1 10861
35 0.08 0.00 1 10892
35 0.08 0.00 1 10923
35 0.08 0.00 1 10954
35 0.08 0.00 1 10985
35 0.08 0.00 1 11016
35 0.08 0.00 1 11047
35 0.07 0.00 1 11078
35 0.06 0.00 1 11109
35 0.06 0.00 1 11140
35 0.06 0.00 1 11171
35 0.06 0.00 1 11202
35 0.07 0.00 1 11233
35 0.07 0.00 1 11264
35 0.08 0.00 1 11295
35 0.08 0.00 1 11326
35 0.08 0.00 1 11357
35 0.08 0.00 1 11388
35 0.08 0.00 1 11419
35 0.08 0.00 1 11450
35 0.08 0.00 1 11481
35 0.08 0.00 1 11512
35 0.08 0.00 1 11543
35 0.08 0.00 1 11574
35 0.08 0.00 1 11606
35 0.08 0.00 1 11637
35 0.08 0.00 1 11668
35 0.08 0.00 1 11699
35 0.08 0.00 1 11730
35 0.08 0.00 1 11761
35 0.08 0.00 1 11792
35 0.08 0.00 1 11823
35 0.08 0.00 1 11854
35 0.08 0.00 1 11885
35 0.08 0.00 1 11916
35 0.08 0.00 1 11947
35 0.08 0.00 1 11978
35 0.08 0.00 1 12009
35 0.08 0.00 1 12040
35 0.08 0.00 1 12071
35 0.08 0.00 1 12102
35 0.08 0.00 1 12133
35 0.08 0.00 1 12164
35 0.08 0.00 1 12195
35 0.08 0.00 1 12226
35 0.08 0.00 1 12257
35 0.08 0.00 1 12288
35 0.08 0.00 1 12319
35 0.08 0.00 1 12350
35 0.08 0.00 1 12381
35 0.08 0.00 1 12412
35 0.08 0.00 1 12443
35 0.08 0.00 1 12474
35 0.08 0.00 1 12505
35 0.08 0.00 1 12536
35 0.08 0.00 1 12567
35 0.08 0.00 1 12598
35 0.08 0.00 1 12630
35 0.08 0.00 1 12661
35 0.08 0.00 1 12692
35 0.08 0.00 1 12723
35 0.08 0.00 1 12754
35 0.08 0.00 1 12785
35 0.08 0.00 1 12816
35 0.08 0.00 1 12847
35 0.08 0.00 1 12878
35 0.08 0.00 1 12909
35 0.08 0.00 1 12940
35 0.08 0.00 1 12971
35 0.08 0.00 1 13002
35 0.08 0.00 1 13033
35 0.08 0.00 1 13064
35 0.08 0.00 1 13095
35 0.08 0.00 1 13126
35 0.08 0.00 1 13157
35 0.08 0.00 1 13188
35 0.08 0.00 1 13219
35 0.08 0.00 1 13250
35 0.08 0.00 1 13281
35 0.08 0.00 1 13312
35 0.08 0.00 1 13343
35 0.08 0.00 1 13374
35 0.08 0.00 1 13405
35 0.08 0.00 1 13436
35 0.08 0.00 1 13467
35 0.08 0.00 1 13498
35 0.08 0.00 1 13529
35 0.08 0.00 1 13560
35 0.08 0.00 1 13591
35 0.08 0.00 1 13622
35 0.08 0.00 1 13654
35 0.08 0.00 1 13685
35 0.08 0.00 1 13716
35 0.08 0.00 1 13747
35 0.08 0.00 1 13778
35 0.08 0.00 1 13809
35 0.08 0.00 1 13840
35 0.08 0.00 1 13871
35 0.08 0.00 1 13902
35 0.08 0.00 1 13933
35 0.08 0.00 1 13964
35 0.08 0.00 1 13995
35 0.08 0.00 1 14026
35 0.08 0.00 1 14057
35 0.08 0.00 1 14088
35 0.08 0.00 1 14119
35 0.08 0.00 1 14150
35 0.08 0.00 1 14181
35 0.08 0.00 1 14212
35 0.08 0.00 1 14243
35 0.08 0.00 1 14274
35 0.08 0.00 1 14305
35 0.08 0.00 1 14336
35 0.08 0.00 1 14367
35 0.08 0.00 1 14398
35 0.08 0.00 1 14429
35 0.08 0.00 1 14460
35 0.08 0.00 1 14491
35 0.08 0.00 1 14522
35 0.08 0.00 1 14553
35 0.08 0.00 1 14584
35 0.08 0.00 1 14615
35 0.08 0.00 1 14646
35 0.08 0.00 1 14678
35 0.08 0.00 1 14709
35 0.08 0.00 1 14740
35 0.08 0.00 1 14771
35 0.08 0.00 1 14802
35 0.08 0.00 1 14833
35 0.08 0.00 1 14864
35 0.08 0.00 1 14895
35 0.08 0.00 1 14926
35 0.08 0.00 1 14957
35 0.08 0.00 1 14988
35 0.08 0.00 1 15019
35 0.08 0.00 1 15050
35 0.08 0.00 1 15081
35 0.08 0.00 1 15112
35 0.08 0.00 1 15143
35 0.08 0.00 1 15174
35 0.08 0.00 1 15205
35 0.08 0.00 1 15236
35 0.08 0.00 1 15267
35 0.08 0.00 1 15298
35 0.08 0.00 1 15329
35 0.08 0.00 1 15360
35 0.08 0.00 1 15391
35 0.08 0.00 1 15422
35 0.08 0.00 1 15453
35 0.08 0.00 1 15484
35 0.08 0.00 1 15515
35 0.08 0.00 1 15546
35 0.08 0.00 1 15577
35 0.08 0.00 1 15608
35 0.08 0.00 1 15639
35 0.08 0.00 1 15670
35 0.08 0.00 1 15702
35 0.08 0.00 1 15733
35 0.08 0.00 1 15764
35 0.08 0.00 1 15795
35 0.08 0.00 1 15826
35 0.08 0.00 1 15857
35 0.08 0.00 1 15888
35 0.08 0.00 1 15919
35 0.08 0.00 1 15950
35 0.08 0.00 1 15981
35 0.08 0.00 1 16012
35 0.08 0.00 1 16043
35 0.08 0.00 1 16074
35 0.08 0.00 1 16105
35 0.08 0.00 1 16136
35 0.08 0.00 1 16167
35 0.08 0.00 1 16198
35 0.08 0.00 1 16229
35 0.08 0.00 1 16260
35 0.08 0.00 1 16291
35 0.08 0.00 1 16322
35 0.08 0.00 1 16353
35 0.08 0.00 1 16384
35 0.08 0.00 1 16415
35 0.08 0.00 1 16446
35 0.08 0.00 1 16477
35 0.08 0.00 1 16508
35 0.08 0.00 1 16539
35 0.08 0.00 1 16570
35 0.08 0.00 1 16601
35 0.08 0.00 1 16632
35 0.08 0.00 1 16663
35 0.08 0.00 1 16694
35 0.08 0.00 1 16726
35 0.08 0.00 1 16757
35 0.08 0.00 1 16788
35 0.08 0.00 1 16819
35 0.08 0.00 1 16850
35 0.08 0.00 1 16881
35 0.08 0.00 1 16912
35 0.08 0.00 1 16943
35 0.08 0.00 1 16974
35 0.08 0.00 1 17005
35 0.08 0.00 1 17036
35 0.08 0.00 1 17067
35 0.08 0.00 1 17098
35 0.08 0.00 1 17129
35 0.08 0.00 1 17160
35 0.08 0.00 1 17191
35 0.08 0.00 1 17222
35 0.08 0.00 1 17253
35 0.08 0.00 1 17284
35 0.08 0.00 1 17315
35 0.08 0.00 1 17346
35 0.08 0.00 1 17377
35 0.08 0.00 1 17408
35 0.08 0.00 1 17439
35 0.08 0.00 1 17470
35 0.08 0.00 1 17501
35 0.08 0.00 1 17532
35 0.08 0.00 1 17563
35 0.08 0.00 1 17594
35 0.08 0.00 1 17625
35 0.08 0.00 1 17656
35 0.08 0.00 1 17687
35 0.08 0.00 1 17718
35 0.08 0.00 1 17750
35 0.08 0.00 1 17781
35 0.08 0.00 1 17812
35 0.08 0.00 1 17843
35 0.08 0.00 1 17874
35 0.08 0.00 1 17905
35 0.08 0.00 1 17936
35 0.08 0.00 1 17967
35 0.08 0.00 1 17998
35 0.08 0.00 1 18029
35 0.08 0.00 1 18060
35 0.08 9.80 1 18091
35 6.18 16.47 1 18122
35 15.18 18.82 1 18153
35 19.67 21.57 1 18184
35 23.31 23.92 1 18215
35 26.23 25.10 1 18246
35 27.84 26.67 1 18277
35 29.72 27.45 1 18308
35 31.06 28.24 1 18339
35 31.93 28.63 1 18370
35 32.47 29.41 1 18401
35 33.39 29.41 1 18432
35 33.57 29.80 1 18463
35 33.95 29.80 1 18494
35 34.14 29.80 1 18525
35 34.14 30.20 1 18556
35 34.53 29.80 1 18587
35 34.14 30.20 1 18618
35 34.53 30.20 1 18649
35 34.72 30.20 1 18680
35 34.72 30.20 1 18711
35 34.72 30.20 1 18742
35 34.72 30.20 1 18774
35 34.72 30.20 1 18805
35 34.72 30.20 1 18836
35 34.72 30.20 1 18867
35 34.92 30.20 1 18898
35 34.72 30.20 1 18929
35 34.72 30.59 1 18960
35 35.11 30.20 1 18991
35 34.92 30.20 1 19022
35 34.92 30.20 1 19053
35 34.92 30.20 1 19084
35 34.92 30.20 1 19115
35 34.72 30.59 1 19146
35 35.11 30.20 1 19177
35 34.72 30.59 1 19208
35 35.11 30.20 1 19239
35 34.72 30.59 1 19270
35 35.11 30.20 1 19301
35 34.72 30.59 1 19332
35 35.31 30.20 1 19363
35 34.92 30.20 1 19394
35 34.92 30.20 1 19425
35 34.92 30.20 1 19456
35 34.92 30.20 1 19487
35 34.92 30.20 1 19518
35 34.92 30.20 1 19549
35 34.72 30.59 1 19580
35 35.11 30.20 1 19611
35 34.92 30.59 1 19642
35 35.11 30.20 1 19673
35 34.92 30.59 1 19704
35 35.31 30.20 1 19735
35 34.92 30.20 1 19766
35 34.92 30.20 1 19798
35 34.72 30.59 1 19829
35 35.11 30.20 1 19860
35 34.92 30.59 1 19891
35 35.31 30.20 1 19922
35 34.92 30.20 1 19953
35 34.92 30.20 1 19984
35 34.92 30.20 1 20015
35 34.92 30.20 1 20046
35 34.92 30.20 1 20077
35 34.92 30.20 1 20108
35 34.92 30.20 1 20139
35 34.72 30.59 1 20170
35 35.31 30.20 1 20201
35 34.92 30.20 1 20232
35 34.92 30.20 1 20263
35 34.92 30.20 1 20294
35 34.92 30.20 1 20325
35 34.92 30.20 1 20356
35 34.92 30.20 1 20387
35 34.92 30.20 1 20418
35 34.92 30.20 1 20449
35 34.92 30.20 1 20480
35 34.92 30.20 1 20511
35 34.92 30.20 1 20542
35 34.92 30.20 1 20573
35 34.92 30.20 1 20604
35 34.92 30.20 1 20635
35 34.92 30.20 1 20666
35 34.92 30.20 1 20697
35 34.92 30.20 1 20728
35 34.92 30.20 1 20759
35 34.92 30.20 1 20790
35 34.92 30.20 1 20822
35 34.92 30.20 1 20853
35 34.92 30.20 1 20884
35 34.92 30.20 1 20915
35 34.92 30.20 1 20946
35 34.92 30.20 1 20977
35 34.92 30.20 1 21008
35 34.92 30.20 1 21039
35 34.92 30.20 1 21070
35 34.92 30.20 1 21101
35 34.92 30.20 1 21132
35 35.11 30.20 1 21163
35 34.92 30.20 1 21194
35 34.92 30.20 1 21225
35 34.92 30.20 1 21256
35 34.92 30.20 1 21287
35 34.92 30.20 1 21318
35 34.92 30.20 1 21349
35 34.92 30.20 1 21380
35 34.92 30.20 1 21411
35 35.11 30.20 1 21442
35 34.92 30.20 1 21473
35 34.92 30.20 1 21504
35 34.92 30.20 1 21535
35 34.92 30.20 1 21566
35 34.92 30.20 1 21597
35 34.92 30.20 1 21628
35 34.92 30.20 1 21659
35 34.92 30.20 1 21690
35 34.92 30.20 1 21721
35 34.92 30.20 1 21752
35 34.92 30.20 1 21783
35 34.92 30.20 1 21814
35 34.92 30.20 1 21846