
70 0.07 63.92 1 31
70 57.95 72.16 1 62
70 73.59 65.10 1 93
70 69.19 67.06 1 124
70 71.10 65.88 1 155
70 70.14 66.27 1 186
70 70.62 65.88 1 217
70 70.62 65.88 1 248
70 71.10 65.49 1 279
70 70.62 65.49 1 310
70 70.14 65.49 1 342
70 70.62 65.49 1 373
70 70.62 65.10 1 404
70 70.14 65.49 1 435
70 70.62 65.10 1 466
70 70.14 65.10 1 497
70 70.14 65.10 1 528
70 70.14 65.10 1 559
70 70.14 65.10 1 590
70 70.14 65.10 1 621
70 70.14 65.10 1 652
70 70.14 65.10 1 683
70 70.14 65.10 1 714
70 70.14 65.10 1 745
70 70.14 65.10 1 776
70 70.14 65.10 1 807
70 70.14 65.10 1 838
70 70.14 65.10 1 869
70 70.14 65.10 1 900
70 70.14 65.10 1 931
70 70.14 65.10 1 962
70 70.14 65.10 1 993
70 70.14 65.10 1 1024
70 70.14 65.10 1 1055
70 70.14 65.10 1 1086
70 70.14 65.10 1 1117
70 70.14 65.10 1 1148
70 70.14 65.10 1 1179
70 70.14 65.10 1 1210
70 70.14 65.10 1 1241
70 70.14 65.10 1 1272
70 70.14 65.10 1 1303
70 70.14 65.10 1 1334
70 70.14 65.10 1 1366
70 70.14 65.10 1 1397
70 70.14 65.10 1 1428
70 70.14 65.10 1 1459
70 70.14 65.10 1 1490
70 70.14 65.10 1 1521
70 70.14 65.10 1 1552
70 70.14 65.10 1 1583
70 70.14 65.10 1 1614
70 70.14 65.10 1 1645
70 70.14 65.10 1 1676
70 70.14 65.10 1 1707
70 69.66 65.49 1 1738
70 70.14 65.49 1 1769
70 70.14 65.49 1 1800
70 70.62 65.10 1 1831
70 70.14 65.10 1 1862
70 70.14 65.10 1 1893
70 70.14 65.10 1 1924
70 70.14 65.10 1 1955
70 70.14 65.10 1 1986
70 70.14 65.10 1 2017
70 70.14 65.10 1 2048
70 69.66 65.49 1 2079
70 70.14 65.10 1 2110
70 70.14 65.10 1 2141
70 70.14 65.10 1 2172
70 70.14 65.10 1 2203
70 70.14 65.10 1 2234
70 69.66 65.49 1 2265
70 70.62 65.10 1 2296
70 70.14 65.10 1 2327
70 70.14 65.10 1 2358
70 70.14 65.10 1 2390
70 70.14 65.10 1 2421
70 70.14 65.10 1 2452
70 70.14 65.10 1 2483
70 70.14 65.10 1 2514
70 70.14 65.10 1 2545
70 70.14 65.10 1 2576
70 70.14 65.10 1 2607
70 70.14 65.10 1 2638
70 70.14 65.10 1 2669
70 70.14 65.10 1 2700
70 70.14 65.10 1 2731
70 70.14 65.10 1 2762
70 70.14 65.10 1 2793
70 70.14 65.10 1 2824
70 70.14 65.10 1 2855
70 70.14 65.10 1 2886
70 70.14 65.10 1 2917
70 70.14 65.10 1 2948
70 70.14 65.10 1 2979
70 70.14 65.10 1 3010
70 70.14 65.10 1 3041
70 70.14 65.10 1 3072
70 69.66 65.49 1 3103
70 70.14 65.10 1 3134
70 69.66 65.49 1 3165
70 70.62 65.10 1 3196
70 70.14 65.10 1 3227
70 70.14 65.10 1 3258
70 70.14 65.10 1 3289
70 70.14 65.10 1 3320
70 70.14 65.10 1 3351
70 70.14 65.10 1 3382
70 70.14 65.10 1 3414
70 70.14 65.10 1 3445
70 70.14 65.10 1 3476
70 70.14 65.10 1 3507
70 70.14 65.10 1 3538
70 70.14 65.10 1 3569
70 70.14 65.10 1 3600
70 70.14 65.10 1 3631
70 70.14 65.10 1 3662
70 70.14 65.10 1 3693
70 70.14 65.10 1 3724
70 70.14 65.10 1 3755
70 70.14 65.10 1 3786
70 70.14 65.10 1 3817
70 70.14 65.10 1 3848
70 70.14 65.10 1 3879
70 70.14 65.10 1 3910
70 70.14 65.10 1 3941
70 70.14 65.10 1 3972
70 70.14 65.10 1 4003
70 70.14 65.10 1 4034
70 70.14 65.10 1 4065
70 70.14 65.10 1 4096
70 69.66 65.49 1 4127
70 70.14 65.10 1 4158
70 70.14 65.10 1 4189
70 70.14 65.10 1 4220
70 70.14 65.10 1 4251
70 70.14 65.10 1 4282
70 70.14 65.10 1 4313
70 70.14 65.10 1 4344
70 70.14 65.10 1 4375
70 70.14 65.10 1 4406
70 69.66 65.49 1 4438
70 70.62 64.71 1 4469
70 69.66 65.49 1 4500
70 70.62 64.71 1 4531
70 69.66 65.10 1 4562
70 70.14 65.10 1 4593
70 70.14 65.10 1 4624
70 70.14 65.10 1 4655
35 69.66 30.59 1 4686
35 37.80 29.80 1 4717
35 35.11 30.98 1 4748
35 35.92 30.20 1 4779
35 35.11 30.59 1 4810
35 35.31 30.59 1 4841
35 35.31 30.59 1 4872
35 35.31 30.59 1 4903
35 35.51 30.20 1 4934
35 34.92 30.59 1 4965
35 35.31 30.20 1 4996
35 34.92 30.59 1 5027
35 35.11 30.59 1 5058
35 35.31 30.20 1 5089
35 34.92 30.59 1 5120
35 35.31 30.20 1 5151
35 34.72 30.59 1 5182
35 35.11 30.59 1 5213
35 35.31 30.20 1 5244
35 34.92 30.59 1 5275
35 35.31 30.20 1 5306
35 34.92 30.59 1 5337
35 35.11 30.20 1 5368
35 34.72 30.59 1 5399
35 34.92 30.59 1 5430
35 34.72 30.59 1 5462
35 34.92 30.59 1 5493
35 34.72 30.59 1 5524
35 34.33 30.98 1 5555
35 34.14 31.37 1 5586
35 34.14 31.37 1 5617
35 33.39 32.16 1 5648
35 33.57 32.55 1 5679
35 33.20 32.94 1 5710
35 32.65 33.73 1 5741
35 32.47 34.51 1 5772
35 32.11 35.69 1 5803
35 31.93 36.47 1 5834
35 32.83 36.86 1 5865
35 34.92 36.08 1 5896
35 40.98 31.76 1 5927
35 54.06 21.18 1 5958
35 70.14 4.71 1 5989
35 79.49 0.00 1 6020
35 76.19 0.00 1 6051
35 89.30 0.00 1 6082
35 101.68 0.00 1 6113
35 108.36 0.00 1 6144
35 119.63 0.00 1 6175
35 123.76 0.00 1 6206
35 124.83 0.00 1 6237
35 120.64 0.00 1 6268
35 115.69 0.00 1 6299
35 111.94 0.00 1 6330
35 108.36 0.00 1 6361
35 107.49 0.00 1 6392
35 110.13 0.00 1 6423
35 113.79 0.00 1 6454
35 121.67 0.00 1 6486
35 124.83 0.00 1 6517
35 121.67 0.00 1 6548
35 117.64 0.00 1 6579
35 108.36 0.00 1 6610
35 106.63 0.00 1 6641
35 106.63 0.00 1 6672
35 108.36 0.00 1 6703
35 116.66 0.00 1 6734
35 120.64 0.00 1 6765
35 123.76 0.00 1 6796
35 124.83 0.00 1 6827
35 119.63 0.00 1 6858
35 114.74 0.00 1 6889
35 111.03 0.00 1 6920
35 106.63 0.00 1 6951
35 107.49 0.00 1 6982
35 110.13 0.00 1 7013
35 113.79 0.00 1 7044
35 122.71 0.00 1 7075
35 124.83 0.00 1 7106
35 124.83 0.00 1 7137
35 122.71 0.00 1 7168
35 112.86 0.00 1 7199
35 109.24 0.00 1 7230
35 106.63 0.00 1 7261
35 109.24 0.00 1 7292
35 111.94 0.00 1 7323
35 115.69 0.00 1 7354
35 119.63 0.00 1 7385
35 124.83 0.00 1 7416
35 123.76 0.00 1 7447
35 120.64 0.00 1 7478
35 111.03 0.00 1 7510
35 106.63 0.00 1 7541
35 107.49 0.00 1 7572
35 110.13 0.00 1 7603
35 119.63 0.00 1 7634
35 122.71 0.00 1 7665
35 124.83 0.00 1 7696
35 124.83 0.00 1 7727
35 116.66 0.00 1 7758
35 112.86 0.00 1 7789
35 109.24 0.00 1 7820
35 106.63 0.00 1 7851
35 109.24 0.00 1 7882
35 111.94 0.00 1 7913
35 116.66 0.00 1 7944
35 123.76 0.00 1 7975
35 124.83 0.00 1 8006
35 123.76 0.00 1 8037
35 119.63 0.00 1 8068
35 110.13 0.00 1 8099
35 107.49 0.00 1 8130
35 106.63 0.00 1 8161
35 107.49 0.00 1 8192
35 114.74 0.00 1 8223
35 118.63 0.00 1 8254
35 121.67 0.00 1 8285
35 124.83 0.00 1 8316
35 121.67 0.00 1 8347
35 117.64 0.00 1 8378
35 113.79 0.00 1 8409
35 106.63 0.00 1 8440
35 106.63 0.00 1 8471
35 108.36 0.00 1 8502
35 116.66 0.00 1 8534
35 123.76 0.00 1 8565
35 124.83 0.00 1 8596
35 122.71 0.00 1 8627
35 113.79 0.00 1 8658
35 110.13 0.00 1 8689
35 107.49 0.00 1 8720
35 106.63 0.00 1 8751
35 111.03 0.00 1 8782
35 114.74 0.00 1 8813
35 118.63 0.00 1 8844
35 122.71 0.00 1 8875
35 123.76 0.00 1 8906
35 121.67 0.00 1 8937
35 117.64 0.00 1 8968
35 108.36 0.00 1 8999
35 106.63 0.00 1 9030
35 106.63 0.00 1 9061
35 108.36 0.00 1 9092
35 116.66 0.00 1 9123
35 120.64 0.00 1 9154
35 123.76 0.00 1 9185
35 124.83 0.00 1 9216
35 119.63 0.00 1 9247
35 114.74 0.00 1 9278
35 111.03 0.00 1 9309
35 106.63 0.00 1 9340
35 107.49 0.00 1 9371
35 110.13 0.00 1 9402
35 113.79 0.00 1 9433
35 122.71 0.00 1 9464
35 124.83 0.00 1 9495
35 124.83 0.00 1 9526
35 116.66 0.00 1 9558
35 108.36 0.00 1 9589
35 106.63 0.00 1 9620
35 107.49 0.00 1 9651
35 113.79 0.00 1 9682
35 117.64 0.00 1 9713
35 121.67 0.00 1 9744
35 124.83 0.00 1 9775
35 122.71 0.00 1 9806
35 118.63 0.00 1 9837
35 112.86 0.00 1 9868
35 107.49 0.00 1 9899
35 101.68 0.00 1 9930
35 96.30 0.00 1 9961
35 85.43 0.00 1 9992
35 82.38 0.00 1 10023
35 81.79 0.00 1 10054
35 63.03 0.00 1 10085
35 41.71 0.00 1 10116
35 29.08 0.00 1 10147
35 20.52 0.00 1 10178
35 14.09 0.00 1 10209
35 10.89 0.00 1 10240
35 7.88 0.00 1 10271
35 4.93 0.00 1 10302
35 2.19 0.00 1 10333
35 0.84 0.00 1 10364
35 0.42 0.00 1 10395
35 0.26 0.00 1 10426
35 0.18 0.00 1 10457
35 0.15 0.00 1 10488
35 0.13 0.00 1 10519
35 0.11 0.00 1 10550
35 0.10 0.00 1 10582
35 0.09 0.00 1 10613
35 0.09 0.00 1 10644
35 0.09 0.00 1 10675
35 0.09 0.00 1 10706
35 0.09 0.00 1 10737
35 0.08 0.00 1 10768
35 0.08 0.00 1 10799
35 0.08 0.00 1 10830
35 0.08 0.00 1 10861
35 0.08 0.00 1 10892
35 0.08 0.00 1 10923
35 0.08 0.00 1 10954
35 0.08 0.00 1 10985
35 0.08 0.00 1 11016
35 0.08 0.00 1 11047
35 0.08 0.00 1 11078
35 0.08 0.00 1 11109
35 0.08 0.00 1 11140
35 0.08 0.00 1 11171
35 0.08 0.00 1 11202
35 0.08 0.00 1 11233
35 0.08 0.00 1 11264
35 0.08 0.00 1 11295
35 0.07 0.00 1 11326
35 0.06 0.00 1 11357
35 0.06 0.00 1 11388
35 0.06 0.00 1 11419
35 0.07 0.00 1 11450
35 0.07 0.00 1 11481
35 0.08 0.00 1 11512
35 0.08 0.00 1 11543
35 0.08 0.00 1 11574
35 0.08 0.00 1 11606
35 0.08 0.00 1 11637
35 0.08 0.00 1 11668
35 0.08 0.00 1 11699
35 0.08 0.00 1 11730
35 0.08 0.00 1 11761
35 0.08 0.00 1 11792
35 0.08 0.00 1 11823
35 0.08 0.00 1 11854
35 0.08 0.00 1 11885
35 0.08 0.00 1 11916
35 0.08 0.00 1 11947
35 0.08 0.00 1 11978
35 0.08 0.00 1 12009
35 0.08 0.00 1 12040
35 0.08 0.00 1 12071
35 0.08 0.00 1 12102
35 0.08 0.00 1 12133
35 0.08 0.00 1 12164
35 0.08 0.00 1 12195
35 0.08 0.00 1 12226
35 0.08 0.00 1 12257
35 0.08 0.00 1 12288
35 0.08 0.00 1 12319
35 0.08 0.00 1 12350
35 0.08 0.00 1 12381
35 0.08 0.00 1 12412
35 0.08 0.00 1 12443
35 0.08 0.00 1 12474
35 0.08 0.00 1 12505
35 0.08 0.00 1 12536
35 0.08 0.00 1 12567
35 0.08 0.00 1 12598
35 0.08 0.00 1 12630
35 0.08 0.00 1 12661
35 0.08 0.00 1 12692
35 0.08 0.00 1 12723
35 0.08 0.00 1 12754
35 0.08 0.00 1 12785
35 0.08 0.00 1 12816
35 0.08 0.00 1 12847
35 0.08 0.00 1 12878
35 0.08 0.00 1 12909
35 0.08 0.00 1 12940
35 0.08 0.00 1 12971
35 0.08 0.00 1 13002
35 0.08 0.00 1 13033
35 0.08 0.00 1 13064
35 0.08 0.00 1 13095
35 0.08 0.00 1 13126
35 0.08 0.00 1 13157
35 0.08 0.00 1 13188
35 0.08 0.00 1 13219
35 0.08 0.00 1 13250
35 0.08 0.00 1 13281
35 0.08 0.00 1 13312
35 0.08 0.00 1 13343
35 0.08 0.00 1 13374
35 0.08 0.00 1 13405
35 0.08 0.00 1 13436
35 0.08 0.00 1 13467
35 0.08 0.00 1 13498
35 0.08 0.00 1 13529
35 0.08 0.00 1 13560
35 0.08 0.00 1 13591
35 0.08 0.00 1 13622
35 0.08 0.00 1 13654
35 0.08 0.00 1 13685
35 0.08 0.00 1 13716
35 0.08 0.00 1 13747
35 0.08 0.00 1 13778
35 0.08 0.00 1 13809
35 0.08 0.00 1 13840
35 0.08 0.00 1 13871
35 0.08 0.00 1 13902
35 0.08 0.00 1 13933
35 0.08 0.00 1 13964
35 0.08 0.00 1 13995
35 0.08 0.00 1 14026
35 0.08 0.00 1 14057
35 0.08 0.00 1 14088
35 0.08 0.00 1 14119
35 0.08 0.00 1 14150
35 0.08 0.00 1 14181
35 0.08 0.00 1 14212
35 0.08 0.00 1 14243
35 0.08 0.00 1 14274
35 0.08 0.00 1 14305
35 0.08 0.00 1 14336
35 0.08 0.00 1 14367
35 0.08 0.00 1 14398
35 0.08 0.00 1 14429
35 0.08 0.00 1 14460
35 0.08 0.00 1 14491
35 0.08 0.00 1 14522
35 0.08 0.00 1 14553
35 0.08 0.00 1 14584
35 0.08 0.00 1 14615
35 0.08 0.00 1 14646
35 0.08 0.00 1 14678
35 0.08 0.00 1 14709
35 0.08 0.00 1 14740
35 0.08 0.00 1 14771
35 0.08 0.00 1 14802
35 0.08 0.00 1 14833
35 0.08 0.00 1 14864
35 0.08 0.00 1 14895
35 0.08 0.00 1 14926
35 0.08 0.00 1 14957
35 0.08 0.00 1 14988
35 0.08 0.00 1 15019
35 0.08 0.00 1 15050
35 0.08 0.00 1 15081
35 0.08 0.00 1 15112
35 0.08 0.00 1 15143
35 0.08 0.00 1 15174
35 0.08 0.00 1 15205
35 0.08 0.00 1 15236
35 0.08 0.00 1 15267
35 0.08 0.00 1 15298
35 0.08 0.00 1 15329
35 0.08 0.00 1 15360
35 0.08 0.00 1 15391
35 0.08 0.00 1 15422
35 0.08 0.00 1 15453
35 0.08 0.00 1 15484
35 0.08 0.00 1 15515
70 0.08 63.92 1 15546
70 56.14 0.00 1 15577
70 4.25 0.00 1 15608
70 1.04 0.00 1 15639
70 0.46 0.00 1 15670
70 0.28 0.00 1 15702
70 0.21 0.00 1 15733
70 0.17 0.00 1 15764
70 0.15 0.00 1 15795
70 0.13 0.00 1 15826
70 0.12 0.00 1 15857
70 0.11 0.00 1 15888
70 0.11 0.00 1 15919
70 0.11 0.00 1 15950
70 0.11 0.00 1 15981
70 0.10 0.00 1 16012
70 0.10 0.00 1 16043
70 0.10 0.00 1 16074
70 0.09 0.00 1 16105
70 0.09 0.00 1 16136
70 0.09 0.00 1 16167
70 0.09 0.00 1 16198
70 0.09 0.00 1 16229
70 0.09 0.00 1 16260
70 0.09 0.00 1 16291
70 0.09 0.00 1 16322
70 0.09 0.00 1 16353
70 0.09 0.00 1 16384
70 0.09 0.00 1 16415
70 0.09 0.00 1 16446
70 0.09 0.00 1 16477
70 0.09 0.00 1 16508
70 0.09 0.00 1 16539
70 0.09 0.00 1 16570
70 0.09 0.00 1 16601
70 0.09 0.00 1 16632
70 0.09 0.00 1 16663
70 0.09 0.00 1 16694
70 0.09 0.00 1 16726
70 0.09 0.00 1 16757
70 0.09 0.00 1 16788
70 0.09 0.00 1 16819
70 0.09 0.00 1 16850
70 0.09 0.00 1 16881
70 0.09 0.00 1 16912
70 0.09 0.00 1 16943
70 0.09 0.00 1 16974
70 0.09 0.00 1 17005
70 0.09 0.00 1 17036
70 0.09 0.00 1 17067
70 0.09 0.00 1 17098
70 0.09 0.00 1 17129
70 0.09 0.00 1 17160
70 0.09 0.00 1 17191
70 0.09 0.00 1 17222
70 0.09 0.00 1 17253
70 0.09 0.00 1 17284
70 0.09 0.00 1 17315
70 0.09 0.00 1 17346
70 0.09 0.00 1 17377
70 0.09 5.10 1 17408
70 3.16 23.92 1 17439
70 21.63 31.37 1 17470
70 32.65 38.43 1 17501
70 40.75 44.31 1 17532
70 47.24 48.63 1 17563
70 52.08 52.16 1 17594
70 56.14 54.51 1 17625
70 58.70 56.86 1 17656
70 61.01 58.82 1 17687
70 63.03 60.00 1 17718
70 64.72 61.18 1 17750
70 65.58 61.96 1 17781
70 66.46 62.75 1 17812
70 67.35 63.14 1 17843
70 67.81 63.53 1 17874
70 68.27 63.92 1 17905
70 68.73 63.92 1 17936
70 68.73 64.31 1 17967
70 69.19 64.31 1 17998
70 69.19 64.31 1 18029
70 69.19 64.71 1 18060
70 69.66 64.31 1 18091
70 69.19 64.71 1 18122
70 69.66 64.71 1 18153
70 69.66 64.71 1 18184
70 69.66 64.71 1 18215
70 69.66 64.71 1 18246
70 69.19 65.10 1 18277
70 69.66 65.10 1 18308
70 70.14 64.71 1 18339
70 69.66 65.10 1 18370
70 70.14 64.71 1 18401
70 69.66 65.10 1 18432
70 70.14 64.71 1 18463
70 69.66 65.10 1 18494
70 70.14 64.71 1 18525
70 69.66 65.10 1 18556
70 70.14 65.10 1 18587
70 70.14 65.10 1 18618
70 70.14 65.10 1 18649
70 70.14 65.10 1 18680
70 70.14 65.10 1 18711
70 70.14 65.10 1 18742
70 70.14 65.10 1 18774
70 70.14 65.10 1 18805
70 70.14 65.10 1 18836
70 70.14 65.10 1 18867
70 70.14 65.10 1 18898
70 70.14 65.10 1 18929
70 70.14 65.10 1 18960
70 70.14 65.10 1 18991
70 70.14 65.10 1 19022
70 70.14 65.10 1 19053
70 70.14 65.10 1 19084
70 70.14 65.10 1 19115
70 70.14 65.10 1 19146
70 70.14 65.10 1 19177
70 70.14 65.10 1 19208
70 70.14 65.10 1 19239
70 70.14 65.10 1 19270
70 70.14 65.10 1 19301
70 69.66 65.10 1 19332
70 70.14 65.10 1 19363
70 70.14 65.10 1 19394
70 70.14 65.10 1 19425
70 70.14 65.10 1 19456
70 70.14 65.10 1 19487
70 70.14 65.10 1 19518
70 70.14 65.10 1 19549
70 69.66 65.10 1 19580
70 70.14 65.10 1 19611
70 70.14 65.10 1 19642
70 70.14 65.10 1 19673
70 70.14 65.10 1 19704
70 70.14 65.10 1 19735
70 70.14 65.10 1 19766
70 70.14 65.10 1 19798
70 70.14 65.10 1 19829
70 69.66 65.49 1 19860
70 70.14 65.10 1 19891
70 70.14 65.10 1 19922
70 70.14 65.10 1 19953
70 70.14 65.10 1 19984
70 70.14 65.10 1 20015
70 70.14 65.10 1 20046
70 70.14 65.10 1 20077
70 70.14 65.10 1 20108
70 70.14 65.10 1 20139
70 70.14 65.10 1 20170
70 70.14 65.10 1 20201
70 70.14 65.10 1 20232
70 70.14 65.10 1 20263